Node_orderings start ...
[[188.459618   468.48948322 283.50718871 828.25824861 742.60427172
  574.79681698 331.6998284  804.5779097  409.12559599 726.139155  ]
 [886.79687986 392.52851837 748.03611408 593.65673455 539.67484448
  224.84241324 282.65629042 557.20404939 849.43589503 971.27414555]
 [509.55377872 293.60545326 851.37340032 612.14131389 600.13105334
  556.65155165 897.09343154 745.66494068 829.30904974 236.15128266]
 [153.34474439 633.70373686 745.18248973 386.22135723 817.94263654
  297.7225854  935.98664088 412.28396499 509.52565751 299.91489034]
 [684.80174092 871.96789236 724.45790153 322.35030098 543.88273386
  231.58865794 997.37700968 724.09553404 319.48821271 603.84267221]]
0 1 3 2
0 2 4 1
0 3 3 2
0 4 3 2
0 5 3 2
0 6 4 1
0 7 4 1
0 8 3 2
0 9 3 2
1 2 3 2
1 3 3 2
1 4 4 1
1 5 2 3
1 6 3 2
1 7 3 2
1 8 2 3
1 9 2 3
2 3 1 4
2 4 2 3
2 5 1 4
2 6 4 1
2 7 1 4
2 8 2 3
2 9 2 3
3 4 2 3
3 5 0 5
3 6 3 2
3 7 3 2
3 8 3 2
3 9 2 3
4 5 0 5
4 6 3 2
4 7 4 1
4 8 2 3
4 9 2 3
5 6 4 1
5 7 5 0
5 8 4 1
5 9 4 1
6 7 2 3
6 8 2 3
6 9 2 3
7 8 3 2
7 9 1 4
8 9 3 2
G.edges start ...
[(0, 1), (0, 2), (0, 3), (0, 4), (0, 5), (0, 6), (0, 7), (0, 8), (0, 9), (1, 2), (1, 3), (1, 4), (1, 6), (1, 7), (2, 6), (3, 2), (3, 6), (3, 7), (3, 8), (4, 2), (4, 3), (4, 6), (4, 7), (5, 1), (5, 2), (5, 3), (5, 4), (5, 6), (5, 7), (5, 8), (5, 9), (7, 2), (7, 6), (7, 8), (8, 1), (8, 2), (8, 4), (8, 6), (8, 9), (9, 1), (9, 2), (9, 3), (9, 4), (9, 6), (9, 7)]
SCC starts ...
[{6}, {2}, {1, 3, 4, 7, 8, 9}, {5}, {0}]
max lens, np.median starts ...
6 1.0
