Node_orderings start ...
[[  67.36998381  773.61164917  886.35363877  745.8055987   849.8630235 ]
 [ 210.45731708  267.05492716  181.19737832  679.8947473  1011.53136936]
 [ 654.94999365  483.52997847  246.07792669  662.77618434 1022.92837032]]
0 1 2 1
0 2 1 2
0 3 3 0
0 4 3 0
1 2 1 2
1 3 2 1
1 4 3 0
2 3 2 1
2 4 2 1
3 4 3 0
G.edges start ...
[(0, 1), (0, 3), (0, 4), (1, 3), (1, 4), (2, 0), (2, 1), (2, 3), (2, 4), (3, 4)]
SCC starts ...
[{4}, {3}, {1}, {0}, {2}]
max lens, np.median starts ...
1 1.0
