[[  43.75031955  591.42100122  153.58771088  691.76037129  588.14010606
   548.03568132  257.50127986  383.43560654  476.00179231  258.48611655
   749.59025079  803.82226461  709.05578442 1221.06185286 1080.53617408
   761.8655138   776.2981927  1141.48989174 1148.34182738  797.14658469
   904.89216424  615.98499447  626.85403324  693.22792987 1135.37069606
   997.41336031  819.33061221 1083.03729196 1127.42841902 1258.75328212
  1684.3411517  1702.92020271 1331.97155064 1611.80287686 1123.22550769
  1681.81647501 1038.04496382 1709.98127244 1806.91920318 1806.46557556
  1922.22677742 1947.92828096 1884.28370389 1791.59849759 1366.15185737
  1830.67745907 1740.03385564 1887.73763577 1684.51941944 2166.43923512
  2328.55678084 2255.47560322 1678.63125949 2201.53412919 1602.6695396
  2051.97452637 2473.40647057 1765.0920087  1857.71345031 1908.89151267
  2275.41292791 2013.01449378 2405.15733415 2684.27803284 1964.69944551
  2792.1170245  2774.4063585  2809.58355544 2402.60796963 2145.70533739
  2157.2881798  2831.10968633 2168.68300638 2398.49651358 2908.06351199
  2733.42942253 2532.28414816 2405.76103307 2812.86312664 3084.39454359
  3039.68082648 2779.31640306 3255.73019049 3013.03138475 3535.51765466
  3221.79433863 3296.9877121  3327.91233475 2877.35671256 3628.33257015
  3430.0767666  3615.8021554  3654.59513865 3436.27455496 3203.17097023
  3026.31384303 3730.45265493 3577.60163931 3378.64229499 3563.16393376]
 [ 818.46326417  330.32448934  313.29453222  674.04094533  459.7704827
   377.4259444   823.74923721  896.37050881  510.23533686 1036.95931156
   920.81854302  548.97301796  779.89172213  727.68223521 1234.42042588
   841.17662365  442.16356085 1319.55655999 1180.21853081 1106.34712443
  1428.73671442 1007.12904113 1375.09468757  668.55840202 1506.09437555
  1212.26443746 1156.70354689  769.73431297 1382.76903737 1612.58150747
  1527.57783477 1309.89207946 1164.92936532 1149.42383006 1052.33740676
  1634.90428963 1368.3253569  1450.11923816 1382.75738498 1415.5905963
  1771.84306158 1666.26310789 1781.74160349 1933.72112493 1346.20411772
  2116.57201617 1588.49269767 1456.03501985 1713.51528534 2134.07306834
  2135.29463922 1487.64214924 1789.12364815 1556.31785207 1906.27310679
  2037.8029158  2356.30645965 2042.23840496 2258.06295705 2044.06522743
  2159.99850615 2312.13874927 1973.3316348  2397.59843455 1983.72773768
  2433.21648939 2441.31204114 2602.24541683 2742.53661678 2215.37214385
  2775.59142255 2666.61566114 2580.34192479 2391.64365034 3057.44930105
  2800.07084328 2792.79032656 2589.46129822 2903.09400764 2917.54359999
  3184.66655628 3122.71826735 3404.17833252 3348.89312772 3240.08542948
  3263.69947709 3426.38638027 3123.40388082 3016.63189609 3361.67778695
  3339.64586152 3538.74274262 3612.77729305 3274.39808191 2966.83349818
  3819.13378442 3512.77400205 3603.11381592 3545.78305921 3114.19223195]
 [ 492.35063626  535.41551663  171.28523558  531.5037262   309.95199397
   235.45263427  199.16749531  506.83397163  296.1919316  1135.00783889
   659.82218535  507.37361394  488.75267186  849.57636339  447.17653432
   862.18650637  545.13819384 1259.02477721 1303.85016614  848.75485291
  1123.31764202  573.86161843 1204.82950236 1314.7475046   889.27530702
   729.69183804  800.27738243 1550.08790932 1161.84117207 1029.28828246
   935.98877912 1466.28175154  964.27163707  971.30775238 1397.14058117
  1324.25239451 1157.18931689 1026.859397   1462.51269539 1650.08403238
  1402.57736824 1621.60300976 2034.38174446 2092.45251526 1457.70395284
  1709.30591093 2198.40348927 1677.74386564 1704.37377606 2152.1780375
  1621.26514664 1956.07912197 2378.29046713 2025.32622772 2295.91644323
  1947.81349655 1783.46904404 1853.11848361 2028.84980236 2392.71685664
  1880.67718998 2629.93178667 2651.04251409 2742.65062086 2506.57476144
  2621.14319922 2857.44721443 2496.98949983 2549.41334834 2657.2824514
  2395.87696956 2401.25173709 2564.68259219 2952.00305328 2424.75106964
  3168.1449652  3200.43207794 2542.38771768 2712.32897004 3070.8072465
  2858.25908342 2730.77208942 3065.20454615 3335.88657839 2658.22870508
  3394.33510165 2752.72962515 2776.69304721 3164.85288274 2923.7374072
  2920.75412133 3201.46845398 3198.6928773  3299.52232241 3314.630843
  3425.87311854 3781.63952029 3082.78357025 3716.76692929 3605.79533721]
 [ 361.76943386  825.96580255  939.89090916  984.7144033   642.21920737
   276.57578462  475.68027679  971.31555144  746.71922772  817.1965434
   529.67991643  651.57403123  815.74109214 1238.17577529  803.13951121
  1180.90595116  533.30706127 1174.04770865  889.67608014  629.83765689
  1230.71961385  635.2134597   924.0278294  1266.99229288  964.08049045
   907.31864364  786.68471504 1441.86230662 1459.29541177 1609.61622119
  1539.86509222 1061.51387424 1253.89292108 1281.94614393 1835.46170671
  1002.14156616 1407.38656302 1069.93948444 1891.31498801 1803.72823642
  1238.71005201 2026.72868958 2015.026298   1253.11130505 2111.37538681
  1491.46781723 1575.79667548 1665.55971292 1484.97423139 1427.6829116
  1623.20830006 1629.03367601 1654.77780575 1812.15967609 2052.3827074
  2311.07008022 2168.42183277 1996.03701384 2304.746045   2524.25721578
  2562.82880738 2007.29659747 2649.75262263 2637.15046386 1937.65704345
  2028.58076711 2655.32004184 2502.39618756 2931.11272057 2575.83960671
  2127.88500385 2227.35462227 2979.16901615 2860.70621209 2375.58670179
  2339.40299232 2363.42649675 2830.16412245 3031.70174825 2847.64285701
  2645.12188071 3077.26350222 3026.34428534 3339.22416741 3491.54966125
  2662.86871429 3248.53330379 3150.64128473 2731.93452888 3174.96777242
  3644.20280487 3558.22982855 3367.99411587 3047.18437002 3005.35739928
  3729.64419265 3303.19780259 3371.9501589  3706.97646757 3306.35957498]
 [ 582.57533151  918.56980495  282.81513548  242.52488157  741.13596026
  1013.0944211   384.71878683  264.58593703  693.27756711  766.22424224
   664.71020042  803.07234573 1091.58101965  903.71826314  706.27526033
  1083.04291346  844.57326211  657.83805688 1333.04844507  771.96195817
  1435.85066491 1323.7151104   634.53910242 1322.30653991  629.49129348
   759.90666682 1207.21586161  885.48467744 1371.39222988 1495.80496902
  1054.35914955 1525.65156142 1023.07306997 1091.06641159 1193.01064989
  1127.78265318 1392.40843145 1300.08585312 1785.8830976  1339.59898835
  1567.15524926 1787.75658589 1317.49019585 1881.19147565 1529.43810339
  2176.96409939 2225.11198118 1830.16604805 1829.70000988 2186.24173302
  2256.26242161 1606.75498722 2054.21452362 2068.43553806 2015.07665874
  2449.19954487 2359.37250217 1874.47611586 1865.86628638 2272.04511543
  1856.85746309 2415.69429962 1968.47556736 2091.28004237 2239.30374105
  2764.13635845 2006.71862824 2800.27757426 2465.59556916 2422.11292364
  2328.63500622 2334.09659859 2835.65683324 2427.45328716 2842.13267121
  3053.0367229  2802.52569616 3047.34672327 3236.22480029 3025.87125887
  2983.73206513 3342.0066859  2618.20962737 3277.49858149 2946.15500797
  3104.06977938 3500.23608177 3012.6266896  3153.57617358 3107.35983111
  2824.60848762 2991.28158177 3353.60239287 3643.44704258 3063.26461259
  3633.75229294 3326.55836097 3485.47642696 3851.1321043  3057.27778612]]
0 1 4 1
0 2 2 3
0 3 3 2
0 4 3 2
0 5 2 3
0 6 3 2
0 7 4 1
0 8 3 2
0 9 5 0
0 10 5 0
0 11 4 1
0 12 3 2
0 13 4 1
0 14 4 1
0 15 5 0
0 16 4 1
0 17 5 0
0 18 5 0
0 19 5 0
0 20 5 0
0 21 5 0
0 22 5 0
0 23 4 1
0 24 5 0
0 25 5 0
0 26 5 0
0 27 4 1
0 28 5 0
0 29 5 0
0 30 5 0
0 31 5 0
0 32 5 0
0 33 5 0
0 34 5 0
0 35 5 0
0 36 5 0
0 37 5 0
0 38 5 0
0 39 5 0
0 40 5 0
0 41 5 0
0 42 5 0
0 43 5 0
0 44 5 0
0 45 5 0
0 46 5 0
0 47 5 0
0 48 5 0
0 49 5 0
0 50 5 0
0 51 5 0
0 52 5 0
0 53 5 0
0 54 5 0
0 55 5 0
0 56 5 0
0 57 5 0
0 58 5 0
0 59 5 0
0 60 5 0
0 61 5 0
0 62 5 0
0 63 5 0
0 64 5 0
0 65 5 0
0 66 5 0
0 67 5 0
0 68 5 0
0 69 5 0
0 70 5 0
0 71 5 0
0 72 5 0
0 73 5 0
0 74 5 0
0 75 5 0
0 76 5 0
0 77 5 0
0 78 5 0
0 79 5 0
0 80 5 0
0 81 5 0
0 82 5 0
0 83 5 0
0 84 5 0
0 85 5 0
0 86 5 0
0 87 5 0
0 88 5 0
0 89 5 0
0 90 5 0
0 91 5 0
0 92 5 0
0 93 5 0
0 94 5 0
0 95 5 0
0 96 5 0
0 97 5 0
0 98 5 0
0 99 5 0
1 2 1 4
1 3 3 2
1 4 1 4
1 5 2 3
1 6 1 4
1 7 2 3
1 8 1 4
1 9 2 3
1 10 3 2
1 11 2 3
1 12 3 2
1 13 4 1
1 14 2 3
1 15 5 0
1 16 3 2
1 17 4 1
1 18 5 0
1 19 3 2
1 20 5 0
1 21 4 1
1 22 4 1
1 23 5 0
1 24 4 1
1 25 4 1
1 26 4 1
1 27 4 1
1 28 5 0
1 29 5 0
1 30 5 0
1 31 5 0
1 32 5 0
1 33 5 0
1 34 5 0
1 35 5 0
1 36 5 0
1 37 5 0
1 38 5 0
1 39 5 0
1 40 5 0
1 41 5 0
1 42 5 0
1 43 5 0
1 44 5 0
1 45 5 0
1 46 5 0
1 47 5 0
1 48 5 0
1 49 5 0
1 50 5 0
1 51 5 0
1 52 5 0
1 53 5 0
1 54 5 0
1 55 5 0
1 56 5 0
1 57 5 0
1 58 5 0
1 59 5 0
1 60 5 0
1 61 5 0
1 62 5 0
1 63 5 0
1 64 5 0
1 65 5 0
1 66 5 0
1 67 5 0
1 68 5 0
1 69 5 0
1 70 5 0
1 71 5 0
1 72 5 0
1 73 5 0
1 74 5 0
1 75 5 0
1 76 5 0
1 77 5 0
1 78 5 0
1 79 5 0
1 80 5 0
1 81 5 0
1 82 5 0
1 83 5 0
1 84 5 0
1 85 5 0
1 86 5 0
1 87 5 0
1 88 5 0
1 89 5 0
1 90 5 0
1 91 5 0
1 92 5 0
1 93 5 0
1 94 5 0
1 95 5 0
1 96 5 0
1 97 5 0
1 98 5 0
1 99 5 0
2 3 4 1
2 4 4 1
2 5 4 1
2 6 4 1
2 7 4 1
2 8 4 1
2 9 4 1
2 10 4 1
2 11 4 1
2 12 4 1
2 13 5 0
2 14 4 1
2 15 5 0
2 16 4 1
2 17 5 0
2 18 4 1
2 19 4 1
2 20 5 0
2 21 4 1
2 22 4 1
2 23 5 0
2 24 5 0
2 25 4 1
2 26 4 1
2 27 5 0
2 28 5 0
2 29 5 0
2 30 5 0
2 31 5 0
2 32 5 0
2 33 5 0
2 34 5 0
2 35 5 0
2 36 5 0
2 37 5 0
2 38 5 0
2 39 5 0
2 40 5 0
2 41 5 0
2 42 5 0
2 43 5 0
2 44 5 0
2 45 5 0
2 46 5 0
2 47 5 0
2 48 5 0
2 49 5 0
2 50 5 0
2 51 5 0
2 52 5 0
2 53 5 0
2 54 5 0
2 55 5 0
2 56 5 0
2 57 5 0
2 58 5 0
2 59 5 0
2 60 5 0
2 61 5 0
2 62 5 0
2 63 5 0
2 64 5 0
2 65 5 0
2 66 5 0
2 67 5 0
2 68 5 0
2 69 5 0
2 70 5 0
2 71 5 0
2 72 5 0
2 73 5 0
2 74 5 0
2 75 5 0
2 76 5 0
2 77 5 0
2 78 5 0
2 79 5 0
2 80 5 0
2 81 5 0
2 82 5 0
2 83 5 0
2 84 5 0
2 85 5 0
2 86 5 0
2 87 5 0
2 88 5 0
2 89 5 0
2 90 5 0
2 91 5 0
2 92 5 0
2 93 5 0
2 94 5 0
2 95 5 0
2 96 5 0
2 97 5 0
2 98 5 0
2 99 5 0
3 4 1 4
3 5 1 4
3 6 2 3
3 7 2 3
3 8 1 4
3 9 3 2
3 10 4 1
3 11 2 3
3 12 3 2
3 13 5 0
3 14 3 2
3 15 5 0
3 16 3 2
3 17 5 0
3 18 4 1
3 19 4 1
3 20 5 0
3 21 3 2
3 22 3 2
3 23 4 1
3 24 4 1
3 25 4 1
3 26 4 1
3 27 5 0
3 28 5 0
3 29 5 0
3 30 5 0
3 31 5 0
3 32 5 0
3 33 5 0
3 34 5 0
3 35 5 0
3 36 5 0
3 37 5 0
3 38 5 0
3 39 5 0
3 40 5 0
3 41 5 0
3 42 5 0
3 43 5 0
3 44 5 0
3 45 5 0
3 46 5 0
3 47 5 0
3 48 5 0
3 49 5 0
3 50 5 0
3 51 5 0
3 52 5 0
3 53 5 0
3 54 5 0
3 55 5 0
3 56 5 0
3 57 5 0
3 58 5 0
3 59 5 0
3 60 5 0
3 61 5 0
3 62 5 0
3 63 5 0
3 64 5 0
3 65 5 0
3 66 5 0
3 67 5 0
3 68 5 0
3 69 5 0
3 70 5 0
3 71 5 0
3 72 5 0
3 73 5 0
3 74 5 0
3 75 5 0
3 76 5 0
3 77 5 0
3 78 5 0
3 79 5 0
3 80 5 0
3 81 5 0
3 82 5 0
3 83 5 0
3 84 5 0
3 85 5 0
3 86 5 0
3 87 5 0
3 88 5 0
3 89 5 0
3 90 5 0
3 91 5 0
3 92 5 0
3 93 5 0
3 94 5 0
3 95 5 0
3 96 5 0
3 97 5 0
3 98 5 0
3 99 5 0
4 5 1 4
4 6 1 4
4 7 3 2
4 8 2 3
4 9 4 1
4 10 3 2
4 11 5 0
4 12 5 0
4 13 5 0
4 14 4 1
4 15 5 0
4 16 3 2
4 17 4 1
4 18 5 0
4 19 4 1
4 20 5 0
4 21 4 1
4 22 4 1
4 23 5 0
4 24 4 1
4 25 5 0
4 26 5 0
4 27 5 0
4 28 5 0
4 29 5 0
4 30 5 0
4 31 5 0
4 32 5 0
4 33 5 0
4 34 5 0
4 35 5 0
4 36 5 0
4 37 5 0
4 38 5 0
4 39 5 0
4 40 5 0
4 41 5 0
4 42 5 0
4 43 5 0
4 44 5 0
4 45 5 0
4 46 5 0
4 47 5 0
4 48 5 0
4 49 5 0
4 50 5 0
4 51 5 0
4 52 5 0
4 53 5 0
4 54 5 0
4 55 5 0
4 56 5 0
4 57 5 0
4 58 5 0
4 59 5 0
4 60 5 0
4 61 5 0
4 62 5 0
4 63 5 0
4 64 5 0
4 65 5 0
4 66 5 0
4 67 5 0
4 68 5 0
4 69 5 0
4 70 5 0
4 71 5 0
4 72 5 0
4 73 5 0
4 74 5 0
4 75 5 0
4 76 5 0
4 77 5 0
4 78 5 0
4 79 5 0
4 80 5 0
4 81 5 0
4 82 5 0
4 83 5 0
4 84 5 0
4 85 5 0
4 86 5 0
4 87 5 0
4 88 5 0
4 89 5 0
4 90 5 0
4 91 5 0
4 92 5 0
4 93 5 0
4 94 5 0
4 95 5 0
4 96 5 0
4 97 5 0
4 98 5 0
4 99 5 0
5 6 2 3
5 7 3 2
5 8 3 2
5 9 3 2
5 10 4 1
5 11 4 1
5 12 5 0
5 13 4 1
5 14 4 1
5 15 5 0
5 16 4 1
5 17 4 1
5 18 5 0
5 19 4 1
5 20 5 0
5 21 5 0
5 22 4 1
5 23 5 0
5 24 4 1
5 25 4 1
5 26 5 0
5 27 4 1
5 28 5 0
5 29 5 0
5 30 5 0
5 31 5 0
5 32 5 0
5 33 5 0
5 34 5 0
5 35 5 0
5 36 5 0
5 37 5 0
5 38 5 0
5 39 5 0
5 40 5 0
5 41 5 0
5 42 5 0
5 43 5 0
5 44 5 0
5 45 5 0
5 46 5 0
5 47 5 0
5 48 5 0
5 49 5 0
5 50 5 0
5 51 5 0
5 52 5 0
5 53 5 0
5 54 5 0
5 55 5 0
5 56 5 0
5 57 5 0
5 58 5 0
5 59 5 0
5 60 5 0
5 61 5 0
5 62 5 0
5 63 5 0
5 64 5 0
5 65 5 0
5 66 5 0
5 67 5 0
5 68 5 0
5 69 5 0
5 70 5 0
5 71 5 0
5 72 5 0
5 73 5 0
5 74 5 0
5 75 5 0
5 76 5 0
5 77 5 0
5 78 5 0
5 79 5 0
5 80 5 0
5 81 5 0
5 82 5 0
5 83 5 0
5 84 5 0
5 85 5 0
5 86 5 0
5 87 5 0
5 88 5 0
5 89 5 0
5 90 5 0
5 91 5 0
5 92 5 0
5 93 5 0
5 94 5 0
5 95 5 0
5 96 5 0
5 97 5 0
5 98 5 0
5 99 5 0
6 7 4 1
6 8 4 1
6 9 5 0
6 10 5 0
6 11 4 1
6 12 4 1
6 13 4 1
6 14 5 0
6 15 5 0
6 16 4 1
6 17 5 0
6 18 5 0
6 19 5 0
6 20 5 0
6 21 5 0
6 22 5 0
6 23 4 1
6 24 5 0
6 25 5 0
6 26 5 0
6 27 4 1
6 28 5 0
6 29 5 0
6 30 5 0
6 31 5 0
6 32 5 0
6 33 5 0
6 34 5 0
6 35 5 0
6 36 5 0
6 37 5 0
6 38 5 0
6 39 5 0
6 40 5 0
6 41 5 0
6 42 5 0
6 43 5 0
6 44 5 0
6 45 5 0
6 46 5 0
6 47 5 0
6 48 5 0
6 49 5 0
6 50 5 0
6 51 5 0
6 52 5 0
6 53 5 0
6 54 5 0
6 55 5 0
6 56 5 0
6 57 5 0
6 58 5 0
6 59 5 0
6 60 5 0
6 61 5 0
6 62 5 0
6 63 5 0
6 64 5 0
6 65 5 0
6 66 5 0
6 67 5 0
6 68 5 0
6 69 5 0
6 70 5 0
6 71 5 0
6 72 5 0
6 73 5 0
6 74 5 0
6 75 5 0
6 76 5 0
6 77 5 0
6 78 5 0
6 79 5 0
6 80 5 0
6 81 5 0
6 82 5 0
6 83 5 0
6 84 5 0
6 85 5 0
6 86 5 0
6 87 5 0
6 88 5 0
6 89 5 0
6 90 5 0
6 91 5 0
6 92 5 0
6 93 5 0
6 94 5 0
6 95 5 0
6 96 5 0
6 97 5 0
6 98 5 0
6 99 5 0
7 8 2 3
7 9 3 2
7 10 4 1
7 11 3 2
7 12 2 3
7 13 4 1
7 14 3 2
7 15 4 1
7 16 3 2
7 17 5 0
7 18 4 1
7 19 4 1
7 20 5 0
7 21 4 1
7 22 4 1
7 23 4 1
7 24 4 1
7 25 4 1
7 26 4 1
7 27 4 1
7 28 5 0
7 29 5 0
7 30 5 0
7 31 5 0
7 32 5 0
7 33 5 0
7 34 5 0
7 35 5 0
7 36 5 0
7 37 5 0
7 38 5 0
7 39 5 0
7 40 5 0
7 41 5 0
7 42 5 0
7 43 5 0
7 44 5 0
7 45 5 0
7 46 5 0
7 47 5 0
7 48 5 0
7 49 5 0
7 50 5 0
7 51 5 0
7 52 5 0
7 53 5 0
7 54 5 0
7 55 5 0
7 56 5 0
7 57 5 0
7 58 5 0
7 59 5 0
7 60 5 0
7 61 5 0
7 62 5 0
7 63 5 0
7 64 5 0
7 65 5 0
7 66 5 0
7 67 5 0
7 68 5 0
7 69 5 0
7 70 5 0
7 71 5 0
7 72 5 0
7 73 5 0
7 74 5 0
7 75 5 0
7 76 5 0
7 77 5 0
7 78 5 0
7 79 5 0
7 80 5 0
7 81 5 0
7 82 5 0
7 83 5 0
7 84 5 0
7 85 5 0
7 86 5 0
7 87 5 0
7 88 5 0
7 89 5 0
7 90 5 0
7 91 5 0
7 92 5 0
7 93 5 0
7 94 5 0
7 95 5 0
7 96 5 0
7 97 5 0
7 98 5 0
7 99 5 0
8 9 4 1
8 10 3 2
8 11 4 1
8 12 5 0
8 13 5 0
8 14 5 0
8 15 5 0
8 16 3 2
8 17 4 1
8 18 5 0
8 19 4 1
8 20 5 0
8 21 4 1
8 22 4 1
8 23 5 0
8 24 4 1
8 25 5 0
8 26 5 0
8 27 5 0
8 28 5 0
8 29 5 0
8 30 5 0
8 31 5 0
8 32 5 0
8 33 5 0
8 34 5 0
8 35 5 0
8 36 5 0
8 37 5 0
8 38 5 0
8 39 5 0
8 40 5 0
8 41 5 0
8 42 5 0
8 43 5 0
8 44 5 0
8 45 5 0
8 46 5 0
8 47 5 0
8 48 5 0
8 49 5 0
8 50 5 0
8 51 5 0
8 52 5 0
8 53 5 0
8 54 5 0
8 55 5 0
8 56 5 0
8 57 5 0
8 58 5 0
8 59 5 0
8 60 5 0
8 61 5 0
8 62 5 0
8 63 5 0
8 64 5 0
8 65 5 0
8 66 5 0
8 67 5 0
8 68 5 0
8 69 5 0
8 70 5 0
8 71 5 0
8 72 5 0
8 73 5 0
8 74 5 0
8 75 5 0
8 76 5 0
8 77 5 0
8 78 5 0
8 79 5 0
8 80 5 0
8 81 5 0
8 82 5 0
8 83 5 0
8 84 5 0
8 85 5 0
8 86 5 0
8 87 5 0
8 88 5 0
8 89 5 0
8 90 5 0
8 91 5 0
8 92 5 0
8 93 5 0
8 94 5 0
8 95 5 0
8 96 5 0
8 97 5 0
8 98 5 0
8 99 5 0
9 10 1 4
9 11 2 3
9 12 2 3
9 13 3 2
9 14 2 3
9 15 3 2
9 16 2 3
9 17 4 1
9 18 5 0
9 19 3 2
9 20 4 1
9 21 2 3
9 22 4 1
9 23 4 1
9 24 3 2
9 25 3 2
9 26 3 2
9 27 4 1
9 28 5 0
9 29 4 1
9 30 4 1
9 31 5 0
9 32 4 1
9 33 4 1
9 34 5 0
9 35 5 0
9 36 5 0
9 37 4 1
9 38 5 0
9 39 5 0
9 40 5 0
9 41 5 0
9 42 5 0
9 43 5 0
9 44 5 0
9 45 5 0
9 46 5 0
9 47 5 0
9 48 5 0
9 49 5 0
9 50 5 0
9 51 5 0
9 52 5 0
9 53 5 0
9 54 5 0
9 55 5 0
9 56 5 0
9 57 5 0
9 58 5 0
9 59 5 0
9 60 5 0
9 61 5 0
9 62 5 0
9 63 5 0
9 64 5 0
9 65 5 0
9 66 5 0
9 67 5 0
9 68 5 0
9 69 5 0
9 70 5 0
9 71 5 0
9 72 5 0
9 73 5 0
9 74 5 0
9 75 5 0
9 76 5 0
9 77 5 0
9 78 5 0
9 79 5 0
9 80 5 0
9 81 5 0
9 82 5 0
9 83 5 0
9 84 5 0
9 85 5 0
9 86 5 0
9 87 5 0
9 88 5 0
9 89 5 0
9 90 5 0
9 91 5 0
9 92 5 0
9 93 5 0
9 94 5 0
9 95 5 0
9 96 5 0
9 97 5 0
9 98 5 0
9 99 5 0
10 11 3 2
10 12 2 3
10 13 4 1
10 14 4 1
10 15 4 1
10 16 3 2
10 17 4 1
10 18 5 0
10 19 5 0
10 20 5 0
10 21 3 2
10 22 3 2
10 23 3 2
10 24 4 1
10 25 5 0
10 26 5 0
10 27 4 1
10 28 5 0
10 29 5 0
10 30 5 0
10 31 5 0
10 32 5 0
10 33 5 0
10 34 5 0
10 35 5 0
10 36 5 0
10 37 5 0
10 38 5 0
10 39 5 0
10 40 5 0
10 41 5 0
10 42 5 0
10 43 5 0
10 44 5 0
10 45 5 0
10 46 5 0
10 47 5 0
10 48 5 0
10 49 5 0
10 50 5 0
10 51 5 0
10 52 5 0
10 53 5 0
10 54 5 0
10 55 5 0
10 56 5 0
10 57 5 0
10 58 5 0
10 59 5 0
10 60 5 0
10 61 5 0
10 62 5 0
10 63 5 0
10 64 5 0
10 65 5 0
10 66 5 0
10 67 5 0
10 68 5 0
10 69 5 0
10 70 5 0
10 71 5 0
10 72 5 0
10 73 5 0
10 74 5 0
10 75 5 0
10 76 5 0
10 77 5 0
10 78 5 0
10 79 5 0
10 80 5 0
10 81 5 0
10 82 5 0
10 83 5 0
10 84 5 0
10 85 5 0
10 86 5 0
10 87 5 0
10 88 5 0
10 89 5 0
10 90 5 0
10 91 5 0
10 92 5 0
10 93 5 0
10 94 5 0
10 95 5 0
10 96 5 0
10 97 5 0
10 98 5 0
10 99 5 0
11 12 3 2
11 13 5 0
11 14 3 2
11 15 4 1
11 16 2 3
11 17 4 1
11 18 5 0
11 19 2 3
11 20 5 0
11 21 3 2
11 22 3 2
11 23 4 1
11 24 4 1
11 25 4 1
11 26 5 0
11 27 5 0
11 28 5 0
11 29 5 0
11 30 5 0
11 31 5 0
11 32 5 0
11 33 5 0
11 34 5 0
11 35 5 0
11 36 5 0
11 37 5 0
11 38 5 0
11 39 5 0
11 40 5 0
11 41 5 0
11 42 5 0
11 43 5 0
11 44 5 0
11 45 5 0
11 46 5 0
11 47 5 0
11 48 5 0
11 49 5 0
11 50 5 0
11 51 5 0
11 52 5 0
11 53 5 0
11 54 5 0
11 55 5 0
11 56 5 0
11 57 5 0
11 58 5 0
11 59 5 0
11 60 5 0
11 61 5 0
11 62 5 0
11 63 5 0
11 64 5 0
11 65 5 0
11 66 5 0
11 67 5 0
11 68 5 0
11 69 5 0
11 70 5 0
11 71 5 0
11 72 5 0
11 73 5 0
11 74 5 0
11 75 5 0
11 76 5 0
11 77 5 0
11 78 5 0
11 79 5 0
11 80 5 0
11 81 5 0
11 82 5 0
11 83 5 0
11 84 5 0
11 85 5 0
11 86 5 0
11 87 5 0
11 88 5 0
11 89 5 0
11 90 5 0
11 91 5 0
11 92 5 0
11 93 5 0
11 94 5 0
11 95 5 0
11 96 5 0
11 97 5 0
11 98 5 0
11 99 5 0
12 13 3 2
12 14 2 3
12 15 4 1
12 16 2 3
12 17 4 1
12 18 5 0
12 19 3 2
12 20 5 0
12 21 3 2
12 22 3 2
12 23 3 2
12 24 4 1
12 25 4 1
12 26 4 1
12 27 3 2
12 28 5 0
12 29 5 0
12 30 4 1
12 31 5 0
12 32 4 1
12 33 4 1
12 34 5 0
12 35 5 0
12 36 5 0
12 37 5 0
12 38 5 0
12 39 5 0
12 40 5 0
12 41 5 0
12 42 5 0
12 43 5 0
12 44 5 0
12 45 5 0
12 46 5 0
12 47 5 0
12 48 5 0
12 49 5 0
12 50 5 0
12 51 5 0
12 52 5 0
12 53 5 0
12 54 5 0
12 55 5 0
12 56 5 0
12 57 5 0
12 58 5 0
12 59 5 0
12 60 5 0
12 61 5 0
12 62 5 0
12 63 5 0
12 64 5 0
12 65 5 0
12 66 5 0
12 67 5 0
12 68 5 0
12 69 5 0
12 70 5 0
12 71 5 0
12 72 5 0
12 73 5 0
12 74 5 0
12 75 5 0
12 76 5 0
12 77 5 0
12 78 5 0
12 79 5 0
12 80 5 0
12 81 5 0
12 82 5 0
12 83 5 0
12 84 5 0
12 85 5 0
12 86 5 0
12 87 5 0
12 88 5 0
12 89 5 0
12 90 5 0
12 91 5 0
12 92 5 0
12 93 5 0
12 94 5 0
12 95 5 0
12 96 5 0
12 97 5 0
12 98 5 0
12 99 5 0
13 14 1 4
13 15 3 2
13 16 0 5
13 17 2 3
13 18 3 2
13 19 1 4
13 20 3 2
13 21 2 3
13 22 2 3
13 23 3 2
13 24 2 3
13 25 1 4
13 26 2 3
13 27 3 2
13 28 4 1
13 29 5 0
13 30 5 0
13 31 4 1
13 32 5 0
13 33 5 0
13 34 4 1
13 35 4 1
13 36 4 1
13 37 4 1
13 38 5 0
13 39 5 0
13 40 5 0
13 41 5 0
13 42 5 0
13 43 5 0
13 44 5 0
13 45 5 0
13 46 5 0
13 47 5 0
13 48 5 0
13 49 5 0
13 50 5 0
13 51 5 0
13 52 5 0
13 53 5 0
13 54 5 0
13 55 5 0
13 56 5 0
13 57 5 0
13 58 5 0
13 59 5 0
13 60 5 0
13 61 5 0
13 62 5 0
13 63 5 0
13 64 5 0
13 65 5 0
13 66 5 0
13 67 5 0
13 68 5 0
13 69 5 0
13 70 5 0
13 71 5 0
13 72 5 0
13 73 5 0
13 74 5 0
13 75 5 0
13 76 5 0
13 77 5 0
13 78 5 0
13 79 5 0
13 80 5 0
13 81 5 0
13 82 5 0
13 83 5 0
13 84 5 0
13 85 5 0
13 86 5 0
13 87 5 0
13 88 5 0
13 89 5 0
13 90 5 0
13 91 5 0
13 92 5 0
13 93 5 0
13 94 5 0
13 95 5 0
13 96 5 0
13 97 5 0
13 98 5 0
13 99 5 0
14 15 3 2
14 16 2 3
14 17 4 1
14 18 4 1
14 19 2 3
14 20 4 1
14 21 2 3
14 22 3 2
14 23 3 2
14 24 4 1
14 25 3 2
14 26 2 3
14 27 4 1
14 28 5 0
14 29 5 0
14 30 5 0
14 31 5 0
14 32 4 1
14 33 4 1
14 34 4 1
14 35 5 0
14 36 4 1
14 37 5 0
14 38 5 0
14 39 5 0
14 40 5 0
14 41 5 0
14 42 5 0
14 43 5 0
14 44 5 0
14 45 5 0
14 46 5 0
14 47 5 0
14 48 5 0
14 49 5 0
14 50 5 0
14 51 5 0
14 52 5 0
14 53 5 0
14 54 5 0
14 55 5 0
14 56 5 0
14 57 5 0
14 58 5 0
14 59 5 0
14 60 5 0
14 61 5 0
14 62 5 0
14 63 5 0
14 64 5 0
14 65 5 0
14 66 5 0
14 67 5 0
14 68 5 0
14 69 5 0
14 70 5 0
14 71 5 0
14 72 5 0
14 73 5 0
14 74 5 0
14 75 5 0
14 76 5 0
14 77 5 0
14 78 5 0
14 79 5 0
14 80 5 0
14 81 5 0
14 82 5 0
14 83 5 0
14 84 5 0
14 85 5 0
14 86 5 0
14 87 5 0
14 88 5 0
14 89 5 0
14 90 5 0
14 91 5 0
14 92 5 0
14 93 5 0
14 94 5 0
14 95 5 0
14 96 5 0
14 97 5 0
14 98 5 0
14 99 5 0
15 16 1 4
15 17 3 2
15 18 4 1
15 19 2 3
15 20 5 0
15 21 2 3
15 22 2 3
15 23 3 2
15 24 3 2
15 25 2 3
15 26 3 2
15 27 3 2
15 28 5 0
15 29 5 0
15 30 4 1
15 31 4 1
15 32 4 1
15 33 5 0
15 34 5 0
15 35 4 1
15 36 5 0
15 37 4 1
15 38 5 0
15 39 5 0
15 40 5 0
15 41 5 0
15 42 5 0
15 43 5 0
15 44 5 0
15 45 5 0
15 46 5 0
15 47 5 0
15 48 5 0
15 49 5 0
15 50 5 0
15 51 5 0
15 52 5 0
15 53 5 0
15 54 5 0
15 55 5 0
15 56 5 0
15 57 5 0
15 58 5 0
15 59 5 0
15 60 5 0
15 61 5 0
15 62 5 0
15 63 5 0
15 64 5 0
15 65 5 0
15 66 5 0
15 67 5 0
15 68 5 0
15 69 5 0
15 70 5 0
15 71 5 0
15 72 5 0
15 73 5 0
15 74 5 0
15 75 5 0
15 76 5 0
15 77 5 0
15 78 5 0
15 79 5 0
15 80 5 0
15 81 5 0
15 82 5 0
15 83 5 0
15 84 5 0
15 85 5 0
15 86 5 0
15 87 5 0
15 88 5 0
15 89 5 0
15 90 5 0
15 91 5 0
15 92 5 0
15 93 5 0
15 94 5 0
15 95 5 0
15 96 5 0
15 97 5 0
15 98 5 0
15 99 5 0
16 17 4 1
16 18 5 0
16 19 4 1
16 20 5 0
16 21 4 1
16 22 3 2
16 23 4 1
16 24 4 1
16 25 4 1
16 26 5 0
16 27 5 0
16 28 5 0
16 29 5 0
16 30 5 0
16 31 5 0
16 32 5 0
16 33 5 0
16 34 5 0
16 35 5 0
16 36 5 0
16 37 5 0
16 38 5 0
16 39 5 0
16 40 5 0
16 41 5 0
16 42 5 0
16 43 5 0
16 44 5 0
16 45 5 0
16 46 5 0
16 47 5 0
16 48 5 0
16 49 5 0
16 50 5 0
16 51 5 0
16 52 5 0
16 53 5 0
16 54 5 0
16 55 5 0
16 56 5 0
16 57 5 0
16 58 5 0
16 59 5 0
16 60 5 0
16 61 5 0
16 62 5 0
16 63 5 0
16 64 5 0
16 65 5 0
16 66 5 0
16 67 5 0
16 68 5 0
16 69 5 0
16 70 5 0
16 71 5 0
16 72 5 0
16 73 5 0
16 74 5 0
16 75 5 0
16 76 5 0
16 77 5 0
16 78 5 0
16 79 5 0
16 80 5 0
16 81 5 0
16 82 5 0
16 83 5 0
16 84 5 0
16 85 5 0
16 86 5 0
16 87 5 0
16 88 5 0
16 89 5 0
16 90 5 0
16 91 5 0
16 92 5 0
16 93 5 0
16 94 5 0
16 95 5 0
16 96 5 0
16 97 5 0
16 98 5 0
16 99 5 0
17 18 3 2
17 19 1 4
17 20 3 2
17 21 1 4
17 22 1 4
17 23 3 2
17 24 1 4
17 25 1 4
17 26 1 4
17 27 3 2
17 28 3 2
17 29 4 1
17 30 4 1
17 31 3 2
17 32 3 2
17 33 3 2
17 34 3 2
17 35 4 1
17 36 3 2
17 37 3 2
17 38 5 0
17 39 5 0
17 40 5 0
17 41 5 0
17 42 5 0
17 43 5 0
17 44 5 0
17 45 5 0
17 46 5 0
17 47 5 0
17 48 5 0
17 49 5 0
17 50 5 0
17 51 5 0
17 52 5 0
17 53 5 0
17 54 5 0
17 55 5 0
17 56 5 0
17 57 5 0
17 58 5 0
17 59 5 0
17 60 5 0
17 61 5 0
17 62 5 0
17 63 5 0
17 64 5 0
17 65 5 0
17 66 5 0
17 67 5 0
17 68 5 0
17 69 5 0
17 70 5 0
17 71 5 0
17 72 5 0
17 73 5 0
17 74 5 0
17 75 5 0
17 76 5 0
17 77 5 0
17 78 5 0
17 79 5 0
17 80 5 0
17 81 5 0
17 82 5 0
17 83 5 0
17 84 5 0
17 85 5 0
17 86 5 0
17 87 5 0
17 88 5 0
17 89 5 0
17 90 5 0
17 91 5 0
17 92 5 0
17 93 5 0
17 94 5 0
17 95 5 0
17 96 5 0
17 97 5 0
17 98 5 0
17 99 5 0
18 19 0 5
18 20 3 2
18 21 0 5
18 22 2 3
18 23 2 3
18 24 2 3
18 25 2 3
18 26 0 5
18 27 2 3
18 28 3 2
18 29 4 1
18 30 3 2
18 31 5 0
18 32 2 3
18 33 2 3
18 34 2 3
18 35 4 1
18 36 3 2
18 37 3 2
18 38 5 0
18 39 5 0
18 40 5 0
18 41 5 0
18 42 4 1
18 43 5 0
18 44 5 0
18 45 5 0
18 46 5 0
18 47 5 0
18 48 5 0
18 49 5 0
18 50 5 0
18 51 5 0
18 52 5 0
18 53 5 0
18 54 5 0
18 55 5 0
18 56 5 0
18 57 5 0
18 58 5 0
18 59 5 0
18 60 5 0
18 61 5 0
18 62 5 0
18 63 5 0
18 64 5 0
18 65 5 0
18 66 5 0
18 67 5 0
18 68 5 0
18 69 5 0
18 70 5 0
18 71 5 0
18 72 5 0
18 73 5 0
18 74 5 0
18 75 5 0
18 76 5 0
18 77 5 0
18 78 5 0
18 79 5 0
18 80 5 0
18 81 5 0
18 82 5 0
18 83 5 0
18 84 5 0
18 85 5 0
18 86 5 0
18 87 5 0
18 88 5 0
18 89 5 0
18 90 5 0
18 91 5 0
18 92 5 0
18 93 5 0
18 94 5 0
18 95 5 0
18 96 5 0
18 97 5 0
18 98 5 0
18 99 5 0
19 20 5 0
19 21 2 3
19 22 3 2
19 23 3 2
19 24 4 1
19 25 3 2
19 26 4 1
19 27 4 1
19 28 5 0
19 29 5 0
19 30 5 0
19 31 5 0
19 32 5 0
19 33 5 0
19 34 4 1
19 35 5 0
19 36 5 0
19 37 5 0
19 38 5 0
19 39 5 0
19 40 5 0
19 41 5 0
19 42 5 0
19 43 5 0
19 44 5 0
19 45 5 0
19 46 5 0
19 47 5 0
19 48 5 0
19 49 5 0
19 50 5 0
19 51 5 0
19 52 5 0
19 53 5 0
19 54 5 0
19 55 5 0
19 56 5 0
19 57 5 0
19 58 5 0
19 59 5 0
19 60 5 0
19 61 5 0
19 62 5 0
19 63 5 0
19 64 5 0
19 65 5 0
19 66 5 0
19 67 5 0
19 68 5 0
19 69 5 0
19 70 5 0
19 71 5 0
19 72 5 0
19 73 5 0
19 74 5 0
19 75 5 0
19 76 5 0
19 77 5 0
19 78 5 0
19 79 5 0
19 80 5 0
19 81 5 0
19 82 5 0
19 83 5 0
19 84 5 0
19 85 5 0
19 86 5 0
19 87 5 0
19 88 5 0
19 89 5 0
19 90 5 0
19 91 5 0
19 92 5 0
19 93 5 0
19 94 5 0
19 95 5 0
19 96 5 0
19 97 5 0
19 98 5 0
19 99 5 0
20 21 0 5
20 22 1 4
20 23 2 3
20 24 2 3
20 25 1 4
20 26 0 5
20 27 3 2
20 28 3 2
20 29 4 1
20 30 3 2
20 31 3 2
20 32 2 3
20 33 2 3
20 34 3 2
20 35 3 2
20 36 3 2
20 37 2 3
20 38 4 1
20 39 3 2
20 40 5 0
20 41 5 0
20 42 4 1
20 43 5 0
20 44 4 1
20 45 5 0
20 46 5 0
20 47 5 0
20 48 5 0
20 49 5 0
20 50 5 0
20 51 5 0
20 52 5 0
20 53 5 0
20 54 5 0
20 55 5 0
20 56 5 0
20 57 5 0
20 58 5 0
20 59 5 0
20 60 5 0
20 61 5 0
20 62 5 0
20 63 5 0
20 64 5 0
20 65 5 0
20 66 5 0
20 67 5 0
20 68 5 0
20 69 5 0
20 70 5 0
20 71 5 0
20 72 5 0
20 73 5 0
20 74 5 0
20 75 5 0
20 76 5 0
20 77 5 0
20 78 5 0
20 79 5 0
20 80 5 0
20 81 5 0
20 82 5 0
20 83 5 0
20 84 5 0
20 85 5 0
20 86 5 0
20 87 5 0
20 88 5 0
20 89 5 0
20 90 5 0
20 91 5 0
20 92 5 0
20 93 5 0
20 94 5 0
20 95 5 0
20 96 5 0
20 97 5 0
20 98 5 0
20 99 5 0
21 22 4 1
21 23 3 2
21 24 4 1
21 25 4 1
21 26 4 1
21 27 3 2
21 28 5 0
21 29 5 0
21 30 4 1
21 31 5 0
21 32 4 1
21 33 4 1
21 34 4 1
21 35 4 1
21 36 5 0
21 37 4 1
21 38 5 0
21 39 5 0
21 40 5 0
21 41 5 0
21 42 4 1
21 43 5 0
21 44 5 0
21 45 5 0
21 46 5 0
21 47 5 0
21 48 5 0
21 49 5 0
21 50 5 0
21 51 5 0
21 52 5 0
21 53 5 0
21 54 5 0
21 55 5 0
21 56 5 0
21 57 5 0
21 58 5 0
21 59 5 0
21 60 5 0
21 61 5 0
21 62 5 0
21 63 5 0
21 64 5 0
21 65 5 0
21 66 5 0
21 67 5 0
21 68 5 0
21 69 5 0
21 70 5 0
21 71 5 0
21 72 5 0
21 73 5 0
21 74 5 0
21 75 5 0
21 76 5 0
21 77 5 0
21 78 5 0
21 79 5 0
21 80 5 0
21 81 5 0
21 82 5 0
21 83 5 0
21 84 5 0
21 85 5 0
21 86 5 0
21 87 5 0
21 88 5 0
21 89 5 0
21 90 5 0
21 91 5 0
21 92 5 0
21 93 5 0
21 94 5 0
21 95 5 0
21 96 5 0
21 97 5 0
21 98 5 0
21 99 5 0
22 23 4 1
22 24 3 2
22 25 2 3
22 26 2 3
22 27 4 1
22 28 4 1
22 29 4 1
22 30 4 1
22 31 4 1
22 32 3 2
22 33 3 2
22 34 4 1
22 35 5 0
22 36 3 2
22 37 4 1
22 38 5 0
22 39 5 0
22 40 5 0
22 41 5 0
22 42 5 0
22 43 5 0
22 44 4 1
22 45 5 0
22 46 5 0
22 47 5 0
22 48 5 0
22 49 5 0
22 50 5 0
22 51 5 0
22 52 5 0
22 53 5 0
22 54 5 0
22 55 5 0
22 56 5 0
22 57 5 0
22 58 5 0
22 59 5 0
22 60 5 0
22 61 5 0
22 62 5 0
22 63 5 0
22 64 5 0
22 65 5 0
22 66 5 0
22 67 5 0
22 68 5 0
22 69 5 0
22 70 5 0
22 71 5 0
22 72 5 0
22 73 5 0
22 74 5 0
22 75 5 0
22 76 5 0
22 77 5 0
22 78 5 0
22 79 5 0
22 80 5 0
22 81 5 0
22 82 5 0
22 83 5 0
22 84 5 0
22 85 5 0
22 86 5 0
22 87 5 0
22 88 5 0
22 89 5 0
22 90 5 0
22 91 5 0
22 92 5 0
22 93 5 0
22 94 5 0
22 95 5 0
22 96 5 0
22 97 5 0
22 98 5 0
22 99 5 0
23 24 2 3
23 25 2 3
23 26 2 3
23 27 4 1
23 28 4 1
23 29 4 1
23 30 3 2
23 31 4 1
23 32 2 3
23 33 3 2
23 34 4 1
23 35 3 2
23 36 4 1
23 37 2 3
23 38 5 0
23 39 5 0
23 40 4 1
23 41 5 0
23 42 4 1
23 43 4 1
23 44 5 0
23 45 5 0
23 46 5 0
23 47 5 0
23 48 5 0
23 49 5 0
23 50 5 0
23 51 5 0
23 52 5 0
23 53 5 0
23 54 5 0
23 55 5 0
23 56 5 0
23 57 5 0
23 58 5 0
23 59 5 0
23 60 5 0
23 61 5 0
23 62 5 0
23 63 5 0
23 64 5 0
23 65 5 0
23 66 5 0
23 67 5 0
23 68 5 0
23 69 5 0
23 70 5 0
23 71 5 0
23 72 5 0
23 73 5 0
23 74 5 0
23 75 5 0
23 76 5 0
23 77 5 0
23 78 5 0
23 79 5 0
23 80 5 0
23 81 5 0
23 82 5 0
23 83 5 0
23 84 5 0
23 85 5 0
23 86 5 0
23 87 5 0
23 88 5 0
23 89 5 0
23 90 5 0
23 91 5 0
23 92 5 0
23 93 5 0
23 94 5 0
23 95 5 0
23 96 5 0
23 97 5 0
23 98 5 0
23 99 5 0
24 25 1 4
24 26 1 4
24 27 3 2
24 28 3 2
24 29 5 0
24 30 5 0
24 31 4 1
24 32 4 1
24 33 4 1
24 34 3 2
24 35 5 0
24 36 3 2
24 37 4 1
24 38 4 1
24 39 4 1
24 40 5 0
24 41 5 0
24 42 5 0
24 43 5 0
24 44 4 1
24 45 5 0
24 46 5 0
24 47 4 1
24 48 5 0
24 49 5 0
24 50 5 0
24 51 4 1
24 52 5 0
24 53 5 0
24 54 5 0
24 55 5 0
24 56 5 0
24 57 5 0
24 58 5 0
24 59 5 0
24 60 5 0
24 61 5 0
24 62 5 0
24 63 5 0
24 64 5 0
24 65 5 0
24 66 5 0
24 67 5 0
24 68 5 0
24 69 5 0
24 70 5 0
24 71 5 0
24 72 5 0
24 73 5 0
24 74 5 0
24 75 5 0
24 76 5 0
24 77 5 0
24 78 5 0
24 79 5 0
24 80 5 0
24 81 5 0
24 82 5 0
24 83 5 0
24 84 5 0
24 85 5 0
24 86 5 0
24 87 5 0
24 88 5 0
24 89 5 0
24 90 5 0
24 91 5 0
24 92 5 0
24 93 5 0
24 94 5 0
24 95 5 0
24 96 5 0
24 97 5 0
24 98 5 0
24 99 5 0
25 26 2 3
25 27 4 1
25 28 5 0
25 29 5 0
25 30 5 0
25 31 5 0
25 32 4 1
25 33 4 1
25 34 4 1
25 35 5 0
25 36 5 0
25 37 5 0
25 38 5 0
25 39 5 0
25 40 5 0
25 41 5 0
25 42 5 0
25 43 5 0
25 44 5 0
25 45 5 0
25 46 5 0
25 47 5 0
25 48 5 0
25 49 5 0
25 50 5 0
25 51 5 0
25 52 5 0
25 53 5 0
25 54 5 0
25 55 5 0
25 56 5 0
25 57 5 0
25 58 5 0
25 59 5 0
25 60 5 0
25 61 5 0
25 62 5 0
25 63 5 0
25 64 5 0
25 65 5 0
25 66 5 0
25 67 5 0
25 68 5 0
25 69 5 0
25 70 5 0
25 71 5 0
25 72 5 0
25 73 5 0
25 74 5 0
25 75 5 0
25 76 5 0
25 77 5 0
25 78 5 0
25 79 5 0
25 80 5 0
25 81 5 0
25 82 5 0
25 83 5 0
25 84 5 0
25 85 5 0
25 86 5 0
25 87 5 0
25 88 5 0
25 89 5 0
25 90 5 0
25 91 5 0
25 92 5 0
25 93 5 0
25 94 5 0
25 95 5 0
25 96 5 0
25 97 5 0
25 98 5 0
25 99 5 0
26 27 3 2
26 28 5 0
26 29 5 0
26 30 4 1
26 31 5 0
26 32 4 1
26 33 3 2
26 34 3 2
26 35 4 1
26 36 5 0
26 37 5 0
26 38 5 0
26 39 5 0
26 40 5 0
26 41 5 0
26 42 5 0
26 43 5 0
26 44 5 0
26 45 5 0
26 46 5 0
26 47 5 0
26 48 5 0
26 49 5 0
26 50 5 0
26 51 5 0
26 52 5 0
26 53 5 0
26 54 5 0
26 55 5 0
26 56 5 0
26 57 5 0
26 58 5 0
26 59 5 0
26 60 5 0
26 61 5 0
26 62 5 0
26 63 5 0
26 64 5 0
26 65 5 0
26 66 5 0
26 67 5 0
26 68 5 0
26 69 5 0
26 70 5 0
26 71 5 0
26 72 5 0
26 73 5 0
26 74 5 0
26 75 5 0
26 76 5 0
26 77 5 0
26 78 5 0
26 79 5 0
26 80 5 0
26 81 5 0
26 82 5 0
26 83 5 0
26 84 5 0
26 85 5 0
26 86 5 0
26 87 5 0
26 88 5 0
26 89 5 0
26 90 5 0
26 91 5 0
26 92 5 0
26 93 5 0
26 94 5 0
26 95 5 0
26 96 5 0
26 97 5 0
26 98 5 0
26 99 5 0
27 28 4 1
27 29 4 1
27 30 4 1
27 31 3 2
27 32 3 2
27 33 3 2
27 34 4 1
27 35 3 2
27 36 2 3
27 37 3 2
27 38 4 1
27 39 5 0
27 40 3 2
27 41 5 0
27 42 5 0
27 43 4 1
27 44 4 1
27 45 5 0
27 46 5 0
27 47 5 0
27 48 5 0
27 49 4 1
27 50 5 0
27 51 5 0
27 52 5 0
27 53 5 0
27 54 5 0
27 55 5 0
27 56 5 0
27 57 5 0
27 58 5 0
27 59 5 0
27 60 5 0
27 61 5 0
27 62 5 0
27 63 5 0
27 64 5 0
27 65 5 0
27 66 5 0
27 67 5 0
27 68 5 0
27 69 5 0
27 70 5 0
27 71 5 0
27 72 5 0
27 73 5 0
27 74 5 0
27 75 5 0
27 76 5 0
27 77 5 0
27 78 5 0
27 79 5 0
27 80 5 0
27 81 5 0
27 82 5 0
27 83 5 0
27 84 5 0
27 85 5 0
27 86 5 0
27 87 5 0
27 88 5 0
27 89 5 0
27 90 5 0
27 91 5 0
27 92 5 0
27 93 5 0
27 94 5 0
27 95 5 0
27 96 5 0
27 97 5 0
27 98 5 0
27 99 5 0
28 29 4 1
28 30 3 2
28 31 3 2
28 32 1 4
28 33 1 4
28 34 2 3
28 35 3 2
28 36 1 4
28 37 2 3
28 38 4 1
28 39 4 1
28 40 4 1
28 41 5 0
28 42 4 1
28 43 4 1
28 44 4 1
28 45 5 0
28 46 5 0
28 47 5 0
28 48 5 0
28 49 4 1
28 50 5 0
28 51 5 0
28 52 5 0
28 53 5 0
28 54 5 0
28 55 5 0
28 56 5 0
28 57 5 0
28 58 5 0
28 59 5 0
28 60 5 0
28 61 5 0
28 62 5 0
28 63 5 0
28 64 5 0
28 65 5 0
28 66 5 0
28 67 5 0
28 68 5 0
28 69 5 0
28 70 5 0
28 71 5 0
28 72 5 0
28 73 5 0
28 74 5 0
28 75 5 0
28 76 5 0
28 77 5 0
28 78 5 0
28 79 5 0
28 80 5 0
28 81 5 0
28 82 5 0
28 83 5 0
28 84 5 0
28 85 5 0
28 86 5 0
28 87 5 0
28 88 5 0
28 89 5 0
28 90 5 0
28 91 5 0
28 92 5 0
28 93 5 0
28 94 5 0
28 95 5 0
28 96 5 0
28 97 5 0
28 98 5 0
28 99 5 0
29 30 1 4
29 31 3 2
29 32 1 4
29 33 1 4
29 34 2 3
29 35 3 2
29 36 1 4
29 37 1 4
29 38 4 1
29 39 3 2
29 40 4 1
29 41 5 0
29 42 4 1
29 43 4 1
29 44 4 1
29 45 4 1
29 46 3 2
29 47 4 1
29 48 4 1
29 49 4 1
29 50 5 0
29 51 4 1
29 52 5 0
29 53 4 1
29 54 5 0
29 55 5 0
29 56 5 0
29 57 5 0
29 58 5 0
29 59 5 0
29 60 5 0
29 61 5 0
29 62 5 0
29 63 5 0
29 64 5 0
29 65 5 0
29 66 5 0
29 67 5 0
29 68 5 0
29 69 5 0
29 70 5 0
29 71 5 0
29 72 5 0
29 73 5 0
29 74 5 0
29 75 5 0
29 76 5 0
29 77 5 0
29 78 5 0
29 79 5 0
29 80 5 0
29 81 5 0
29 82 5 0
29 83 5 0
29 84 5 0
29 85 5 0
29 86 5 0
29 87 5 0
29 88 5 0
29 89 5 0
29 90 5 0
29 91 5 0
29 92 5 0
29 93 5 0
29 94 5 0
29 95 5 0
29 96 5 0
29 97 5 0
29 98 5 0
29 99 5 0
30 31 3 2
30 32 1 4
30 33 2 3
30 34 3 2
30 35 3 2
30 36 2 3
30 37 3 2
30 38 4 1
30 39 4 1
30 40 4 1
30 41 5 0
30 42 5 0
30 43 4 1
30 44 3 2
30 45 4 1
30 46 5 0
30 47 4 1
30 48 4 1
30 49 4 1
30 50 5 0
30 51 4 1
30 52 4 1
30 53 5 0
30 54 4 1
30 55 5 0
30 56 5 0
30 57 5 0
30 58 5 0
30 59 5 0
30 60 5 0
30 61 5 0
30 62 5 0
30 63 5 0
30 64 5 0
30 65 5 0
30 66 5 0
30 67 5 0
30 68 5 0
30 69 5 0
30 70 5 0
30 71 5 0
30 72 5 0
30 73 5 0
30 74 5 0
30 75 5 0
30 76 5 0
30 77 5 0
30 78 5 0
30 79 5 0
30 80 5 0
30 81 5 0
30 82 5 0
30 83 5 0
30 84 5 0
30 85 5 0
30 86 5 0
30 87 5 0
30 88 5 0
30 89 5 0
30 90 5 0
30 91 5 0
30 92 5 0
30 93 5 0
30 94 5 0
30 95 5 0
30 96 5 0
30 97 5 0
30 98 5 0
30 99 5 0
31 32 1 4
31 33 1 4
31 34 1 4
31 35 1 4
31 36 2 3
31 37 3 2
31 38 4 1
31 39 4 1
31 40 4 1
31 41 5 0
31 42 4 1
31 43 5 0
31 44 3 2
31 45 5 0
31 46 5 0
31 47 5 0
31 48 4 1
31 49 5 0
31 50 5 0
31 51 5 0
31 52 4 1
31 53 5 0
31 54 4 1
31 55 5 0
31 56 5 0
31 57 5 0
31 58 5 0
31 59 5 0
31 60 5 0
31 61 5 0
31 62 5 0
31 63 5 0
31 64 5 0
31 65 5 0
31 66 5 0
31 67 5 0
31 68 5 0
31 69 5 0
31 70 5 0
31 71 5 0
31 72 5 0
31 73 5 0
31 74 5 0
31 75 5 0
31 76 5 0
31 77 5 0
31 78 5 0
31 79 5 0
31 80 5 0
31 81 5 0
31 82 5 0
31 83 5 0
31 84 5 0
31 85 5 0
31 86 5 0
31 87 5 0
31 88 5 0
31 89 5 0
31 90 5 0
31 91 5 0
31 92 5 0
31 93 5 0
31 94 5 0
31 95 5 0
31 96 5 0
31 97 5 0
31 98 5 0
31 99 5 0
32 33 4 1
32 34 3 2
32 35 4 1
32 36 4 1
32 37 4 1
32 38 5 0
32 39 5 0
32 40 4 1
32 41 5 0
32 42 5 0
32 43 4 1
32 44 5 0
32 45 5 0
32 46 5 0
32 47 5 0
32 48 5 0
32 49 5 0
32 50 5 0
32 51 5 0
32 52 5 0
32 53 5 0
32 54 5 0
32 55 5 0
32 56 5 0
32 57 5 0
32 58 5 0
32 59 5 0
32 60 5 0
32 61 5 0
32 62 5 0
32 63 5 0
32 64 5 0
32 65 5 0
32 66 5 0
32 67 5 0
32 68 5 0
32 69 5 0
32 70 5 0
32 71 5 0
32 72 5 0
32 73 5 0
32 74 5 0
32 75 5 0
32 76 5 0
32 77 5 0
32 78 5 0
32 79 5 0
32 80 5 0
32 81 5 0
32 82 5 0
32 83 5 0
32 84 5 0
32 85 5 0
32 86 5 0
32 87 5 0
32 88 5 0
32 89 5 0
32 90 5 0
32 91 5 0
32 92 5 0
32 93 5 0
32 94 5 0
32 95 5 0
32 96 5 0
32 97 5 0
32 98 5 0
32 99 5 0
33 34 3 2
33 35 4 1
33 36 4 1
33 37 4 1
33 38 5 0
33 39 5 0
33 40 4 1
33 41 5 0
33 42 5 0
33 43 4 1
33 44 4 1
33 45 5 0
33 46 5 0
33 47 5 0
33 48 5 0
33 49 5 0
33 50 5 0
33 51 5 0
33 52 5 0
33 53 5 0
33 54 4 1
33 55 5 0
33 56 5 0
33 57 5 0
33 58 5 0
33 59 5 0
33 60 5 0
33 61 5 0
33 62 5 0
33 63 5 0
33 64 5 0
33 65 5 0
33 66 5 0
33 67 5 0
33 68 5 0
33 69 5 0
33 70 5 0
33 71 5 0
33 72 5 0
33 73 5 0
33 74 5 0
33 75 5 0
33 76 5 0
33 77 5 0
33 78 5 0
33 79 5 0
33 80 5 0
33 81 5 0
33 82 5 0
33 83 5 0
33 84 5 0
33 85 5 0
33 86 5 0
33 87 5 0
33 88 5 0
33 89 5 0
33 90 5 0
33 91 5 0
33 92 5 0
33 93 5 0
33 94 5 0
33 95 5 0
33 96 5 0
33 97 5 0
33 98 5 0
33 99 5 0
34 35 2 3
34 36 2 3
34 37 3 2
34 38 5 0
34 39 4 1
34 40 4 1
34 41 5 0
34 42 5 0
34 43 4 1
34 44 5 0
34 45 4 1
34 46 4 1
34 47 4 1
34 48 4 1
34 49 4 1
34 50 4 1
34 51 4 1
34 52 4 1
34 53 4 1
34 54 5 0
34 55 5 0
34 56 5 0
34 57 5 0
34 58 5 0
34 59 5 0
34 60 5 0
34 61 5 0
34 62 5 0
34 63 5 0
34 64 5 0
34 65 5 0
34 66 5 0
34 67 5 0
34 68 5 0
34 69 5 0
34 70 5 0
34 71 5 0
34 72 5 0
34 73 5 0
34 74 5 0
34 75 5 0
34 76 5 0
34 77 5 0
34 78 5 0
34 79 5 0
34 80 5 0
34 81 5 0
34 82 5 0
34 83 5 0
34 84 5 0
34 85 5 0
34 86 5 0
34 87 5 0
34 88 5 0
34 89 5 0
34 90 5 0
34 91 5 0
34 92 5 0
34 93 5 0
34 94 5 0
34 95 5 0
34 96 5 0
34 97 5 0
34 98 5 0
34 99 5 0
35 36 2 3
35 37 3 2
35 38 4 1
35 39 4 1
35 40 5 0
35 41 5 0
35 42 5 0
35 43 5 0
35 44 3 2
35 45 5 0
35 46 4 1
35 47 4 1
35 48 5 0
35 49 5 0
35 50 5 0
35 51 4 1
35 52 4 1
35 53 4 1
35 54 4 1
35 55 5 0
35 56 5 0
35 57 5 0
35 58 5 0
35 59 5 0
35 60 5 0
35 61 5 0
35 62 5 0
35 63 5 0
35 64 5 0
35 65 5 0
35 66 5 0
35 67 5 0
35 68 5 0
35 69 5 0
35 70 5 0
35 71 5 0
35 72 5 0
35 73 5 0
35 74 5 0
35 75 5 0
35 76 5 0
35 77 5 0
35 78 5 0
35 79 5 0
35 80 5 0
35 81 5 0
35 82 5 0
35 83 5 0
35 84 5 0
35 85 5 0
35 86 5 0
35 87 5 0
35 88 5 0
35 89 5 0
35 90 5 0
35 91 5 0
35 92 5 0
35 93 5 0
35 94 5 0
35 95 5 0
35 96 5 0
35 97 5 0
35 98 5 0
35 99 5 0
36 37 2 3
36 38 5 0
36 39 4 1
36 40 4 1
36 41 5 0
36 42 4 1
36 43 4 1
36 44 4 1
36 45 5 0
36 46 5 0
36 47 5 0
36 48 5 0
36 49 5 0
36 50 5 0
36 51 5 0
36 52 5 0
36 53 5 0
36 54 5 0
36 55 5 0
36 56 5 0
36 57 5 0
36 58 5 0
36 59 5 0
36 60 5 0
36 61 5 0
36 62 5 0
36 63 5 0
36 64 5 0
36 65 5 0
36 66 5 0
36 67 5 0
36 68 5 0
36 69 5 0
36 70 5 0
36 71 5 0
36 72 5 0
36 73 5 0
36 74 5 0
36 75 5 0
36 76 5 0
36 77 5 0
36 78 5 0
36 79 5 0
36 80 5 0
36 81 5 0
36 82 5 0
36 83 5 0
36 84 5 0
36 85 5 0
36 86 5 0
36 87 5 0
36 88 5 0
36 89 5 0
36 90 5 0
36 91 5 0
36 92 5 0
36 93 5 0
36 94 5 0
36 95 5 0
36 96 5 0
36 97 5 0
36 98 5 0
36 99 5 0
37 38 4 1
37 39 4 1
37 40 5 0
37 41 5 0
37 42 5 0
37 43 5 0
37 44 3 2
37 45 5 0
37 46 5 0
37 47 5 0
37 48 4 1
37 49 5 0
37 50 5 0
37 51 5 0
37 52 4 1
37 53 5 0
37 54 4 1
37 55 5 0
37 56 5 0
37 57 5 0
37 58 5 0
37 59 5 0
37 60 5 0
37 61 5 0
37 62 5 0
37 63 5 0
37 64 5 0
37 65 5 0
37 66 5 0
37 67 5 0
37 68 5 0
37 69 5 0
37 70 5 0
37 71 5 0
37 72 5 0
37 73 5 0
37 74 5 0
37 75 5 0
37 76 5 0
37 77 5 0
37 78 5 0
37 79 5 0
37 80 5 0
37 81 5 0
37 82 5 0
37 83 5 0
37 84 5 0
37 85 5 0
37 86 5 0
37 87 5 0
37 88 5 0
37 89 5 0
37 90 5 0
37 91 5 0
37 92 5 0
37 93 5 0
37 94 5 0
37 95 5 0
37 96 5 0
37 97 5 0
37 98 5 0
37 99 5 0
38 39 2 3
38 40 2 3
38 41 5 0
38 42 4 1
38 43 3 2
38 44 1 4
38 45 4 1
38 46 3 2
38 47 4 1
38 48 3 2
38 49 4 1
38 50 4 1
38 51 3 2
38 52 3 2
38 53 4 1
38 54 4 1
38 55 5 0
38 56 5 0
38 57 4 1
38 58 5 0
38 59 5 0
38 60 5 0
38 61 5 0
38 62 5 0
38 63 5 0
38 64 5 0
38 65 5 0
38 66 5 0
38 67 5 0
38 68 5 0
38 69 5 0
38 70 5 0
38 71 5 0
38 72 5 0
38 73 5 0
38 74 5 0
38 75 5 0
38 76 5 0
38 77 5 0
38 78 5 0
38 79 5 0
38 80 5 0
38 81 5 0
38 82 5 0
38 83 5 0
38 84 5 0
38 85 5 0
38 86 5 0
38 87 5 0
38 88 5 0
38 89 5 0
38 90 5 0
38 91 5 0
38 92 5 0
38 93 5 0
38 94 5 0
38 95 5 0
38 96 5 0
38 97 5 0
38 98 5 0
38 99 5 0
39 40 3 2
39 41 4 1
39 42 4 1
39 43 3 2
39 44 2 3
39 45 4 1
39 46 3 2
39 47 4 1
39 48 3 2
39 49 4 1
39 50 3 2
39 51 4 1
39 52 3 2
39 53 5 0
39 54 4 1
39 55 5 0
39 56 5 0
39 57 4 1
39 58 5 0
39 59 5 0
39 60 5 0
39 61 5 0
39 62 5 0
39 63 5 0
39 64 5 0
39 65 5 0
39 66 5 0
39 67 5 0
39 68 5 0
39 69 5 0
39 70 5 0
39 71 5 0
39 72 5 0
39 73 5 0
39 74 5 0
39 75 5 0
39 76 5 0
39 77 5 0
39 78 5 0
39 79 5 0
39 80 5 0
39 81 5 0
39 82 5 0
39 83 5 0
39 84 5 0
39 85 5 0
39 86 5 0
39 87 5 0
39 88 5 0
39 89 5 0
39 90 5 0
39 91 5 0
39 92 5 0
39 93 5 0
39 94 5 0
39 95 5 0
39 96 5 0
39 97 5 0
39 98 5 0
39 99 5 0
40 41 4 1
40 42 3 2
40 43 4 1
40 44 2 3
40 45 4 1
40 46 3 2
40 47 3 2
40 48 3 2
40 49 5 0
40 50 5 0
40 51 4 1
40 52 4 1
40 53 4 1
40 54 4 1
40 55 5 0
40 56 5 0
40 57 4 1
40 58 4 1
40 59 4 1
40 60 5 0
40 61 5 0
40 62 5 0
40 63 5 0
40 64 5 0
40 65 5 0
40 66 5 0
40 67 5 0
40 68 5 0
40 69 5 0
40 70 5 0
40 71 5 0
40 72 5 0
40 73 5 0
40 74 5 0
40 75 5 0
40 76 5 0
40 77 5 0
40 78 5 0
40 79 5 0
40 80 5 0
40 81 5 0
40 82 5 0
40 83 5 0
40 84 5 0
40 85 5 0
40 86 5 0
40 87 5 0
40 88 5 0
40 89 5 0
40 90 5 0
40 91 5 0
40 92 5 0
40 93 5 0
40 94 5 0
40 95 5 0
40 96 5 0
40 97 5 0
40 98 5 0
40 99 5 0
41 42 2 3
41 43 3 2
41 44 1 4
41 45 3 2
41 46 2 3
41 47 2 3
41 48 3 2
41 49 4 1
41 50 3 2
41 51 2 3
41 52 3 2
41 53 3 2
41 54 4 1
41 55 5 0
41 56 5 0
41 57 3 2
41 58 4 1
41 59 4 1
41 60 5 0
41 61 4 1
41 62 5 0
41 63 5 0
41 64 4 1
41 65 5 0
41 66 5 0
41 67 5 0
41 68 5 0
41 69 5 0
41 70 5 0
41 71 5 0
41 72 5 0
41 73 5 0
41 74 5 0
41 75 5 0
41 76 5 0
41 77 5 0
41 78 5 0
41 79 5 0
41 80 5 0
41 81 5 0
41 82 5 0
41 83 5 0
41 84 5 0
41 85 5 0
41 86 5 0
41 87 5 0
41 88 5 0
41 89 5 0
41 90 5 0
41 91 5 0
41 92 5 0
41 93 5 0
41 94 5 0
41 95 5 0
41 96 5 0
41 97 5 0
41 98 5 0
41 99 5 0
42 43 3 2
42 44 2 3
42 45 2 3
42 46 2 3
42 47 2 3
42 48 1 4
42 49 4 1
42 50 3 2
42 51 2 3
42 52 3 2
42 53 2 3
42 54 4 1
42 55 4 1
42 56 4 1
42 57 2 3
42 58 3 2
42 59 5 0
42 60 4 1
42 61 4 1
42 62 5 0
42 63 5 0
42 64 4 1
42 65 5 0
42 66 5 0
42 67 5 0
42 68 5 0
42 69 5 0
42 70 5 0
42 71 5 0
42 72 5 0
42 73 5 0
42 74 5 0
42 75 5 0
42 76 5 0
42 77 5 0
42 78 5 0
42 79 5 0
42 80 5 0
42 81 5 0
42 82 5 0
42 83 5 0
42 84 5 0
42 85 5 0
42 86 5 0
42 87 5 0
42 88 5 0
42 89 5 0
42 90 5 0
42 91 5 0
42 92 5 0
42 93 5 0
42 94 5 0
42 95 5 0
42 96 5 0
42 97 5 0
42 98 5 0
42 99 5 0
43 44 1 4
43 45 4 1
43 46 3 2
43 47 2 3
43 48 1 4
43 49 5 0
43 50 4 1
43 51 2 3
43 52 3 2
43 53 3 2
43 54 3 2
43 55 4 1
43 56 4 1
43 57 2 3
43 58 3 2
43 59 5 0
43 60 3 2
43 61 5 0
43 62 5 0
43 63 5 0
43 64 5 0
43 65 5 0
43 66 5 0
43 67 5 0
43 68 5 0
43 69 5 0
43 70 5 0
43 71 5 0
43 72 5 0
43 73 5 0
43 74 5 0
43 75 5 0
43 76 5 0
43 77 5 0
43 78 5 0
43 79 5 0
43 80 5 0
43 81 5 0
43 82 5 0
43 83 5 0
43 84 5 0
43 85 5 0
43 86 5 0
43 87 5 0
43 88 5 0
43 89 5 0
43 90 5 0
43 91 5 0
43 92 5 0
43 93 5 0
43 94 5 0
43 95 5 0
43 96 5 0
43 97 5 0
43 98 5 0
43 99 5 0
44 45 4 1
44 46 4 1
44 47 4 1
44 48 4 1
44 49 4 1
44 50 4 1
44 51 4 1
44 52 4 1
44 53 4 1
44 54 4 1
44 55 5 0
44 56 5 0
44 57 4 1
44 58 5 0
44 59 5 0
44 60 5 0
44 61 4 1
44 62 5 0
44 63 5 0
44 64 4 1
44 65 4 1
44 66 5 0
44 67 5 0
44 68 5 0
44 69 5 0
44 70 5 0
44 71 5 0
44 72 5 0
44 73 5 0
44 74 5 0
44 75 5 0
44 76 5 0
44 77 5 0
44 78 5 0
44 79 5 0
44 80 5 0
44 81 5 0
44 82 5 0
44 83 5 0
44 84 5 0
44 85 5 0
44 86 5 0
44 87 5 0
44 88 5 0
44 89 5 0
44 90 5 0
44 91 5 0
44 92 5 0
44 93 5 0
44 94 5 0
44 95 5 0
44 96 5 0
44 97 5 0
44 98 5 0
44 99 5 0
45 46 3 2
45 47 2 3
45 48 0 5
45 49 4 1
45 50 4 1
45 51 3 2
45 52 2 3
45 53 3 2
45 54 2 3
45 55 4 1
45 56 5 0
45 57 2 3
45 58 4 1
45 59 4 1
45 60 4 1
45 61 5 0
45 62 3 2
45 63 4 1
45 64 4 1
45 65 5 0
45 66 4 1
45 67 5 0
45 68 5 0
45 69 5 0
45 70 5 0
45 71 5 0
45 72 5 0
45 73 5 0
45 74 5 0
45 75 5 0
45 76 5 0
45 77 5 0
45 78 5 0
45 79 5 0
45 80 5 0
45 81 5 0
45 82 5 0
45 83 5 0
45 84 5 0
45 85 5 0
45 86 5 0
45 87 5 0
45 88 5 0
45 89 5 0
45 90 5 0
45 91 5 0
45 92 5 0
45 93 5 0
45 94 5 0
45 95 5 0
45 96 5 0
45 97 5 0
45 98 5 0
45 99 5 0
46 47 2 3
46 48 1 4
46 49 2 3
46 50 4 1
46 51 2 3
46 52 3 2
46 53 2 3
46 54 3 2
46 55 4 1
46 56 4 1
46 57 3 2
46 58 3 2
46 59 5 0
46 60 3 2
46 61 5 0
46 62 4 1
46 63 4 1
46 64 5 0
46 65 5 0
46 66 4 1
46 67 5 0
46 68 5 0
46 69 5 0
46 70 5 0
46 71 5 0
46 72 5 0
46 73 5 0
46 74 5 0
46 75 5 0
46 76 5 0
46 77 5 0
46 78 5 0
46 79 5 0
46 80 5 0
46 81 5 0
46 82 5 0
46 83 5 0
46 84 5 0
46 85 5 0
46 86 5 0
46 87 5 0
46 88 5 0
46 89 5 0
46 90 5 0
46 91 5 0
46 92 5 0
46 93 5 0
46 94 5 0
46 95 5 0
46 96 5 0
46 97 5 0
46 98 5 0
46 99 5 0
47 48 2 3
47 49 4 1
47 50 3 2
47 51 3 2
47 52 3 2
47 53 5 0
47 54 4 1
47 55 5 0
47 56 5 0
47 57 4 1
47 58 4 1
47 59 5 0
47 60 5 0
47 61 5 0
47 62 5 0
47 63 5 0
47 64 5 0
47 65 5 0
47 66 5 0
47 67 5 0
47 68 5 0
47 69 5 0
47 70 5 0
47 71 5 0
47 72 5 0
47 73 5 0
47 74 5 0
47 75 5 0
47 76 5 0
47 77 5 0
47 78 5 0
47 79 5 0
47 80 5 0
47 81 5 0
47 82 5 0
47 83 5 0
47 84 5 0
47 85 5 0
47 86 5 0
47 87 5 0
47 88 5 0
47 89 5 0
47 90 5 0
47 91 5 0
47 92 5 0
47 93 5 0
47 94 5 0
47 95 5 0
47 96 5 0
47 97 5 0
47 98 5 0
47 99 5 0
48 49 4 1
48 50 4 1
48 51 3 2
48 52 4 1
48 53 4 1
48 54 4 1
48 55 5 0
48 56 5 0
48 57 5 0
48 58 5 0
48 59 5 0
48 60 5 0
48 61 5 0
48 62 5 0
48 63 5 0
48 64 5 0
48 65 5 0
48 66 5 0
48 67 5 0
48 68 5 0
48 69 5 0
48 70 5 0
48 71 5 0
48 72 5 0
48 73 5 0
48 74 5 0
48 75 5 0
48 76 5 0
48 77 5 0
48 78 5 0
48 79 5 0
48 80 5 0
48 81 5 0
48 82 5 0
48 83 5 0
48 84 5 0
48 85 5 0
48 86 5 0
48 87 5 0
48 88 5 0
48 89 5 0
48 90 5 0
48 91 5 0
48 92 5 0
48 93 5 0
48 94 5 0
48 95 5 0
48 96 5 0
48 97 5 0
48 98 5 0
48 99 5 0
49 50 4 1
49 51 2 3
49 52 2 3
49 53 2 3
49 54 2 3
49 55 2 3
49 56 4 1
49 57 1 4
49 58 2 3
49 59 3 2
49 60 3 2
49 61 4 1
49 62 3 2
49 63 4 1
49 64 3 2
49 65 5 0
49 66 4 1
49 67 5 0
49 68 5 0
49 69 4 1
49 70 4 1
49 71 5 0
49 72 5 0
49 73 5 0
49 74 5 0
49 75 5 0
49 76 5 0
49 77 5 0
49 78 5 0
49 79 5 0
49 80 5 0
49 81 5 0
49 82 5 0
49 83 5 0
49 84 5 0
49 85 5 0
49 86 5 0
49 87 5 0
49 88 5 0
49 89 5 0
49 90 5 0
49 91 5 0
49 92 5 0
49 93 5 0
49 94 5 0
49 95 5 0
49 96 5 0
49 97 5 0
49 98 5 0
49 99 5 0
50 51 2 3
50 52 2 3
50 53 2 3
50 54 2 3
50 55 3 2
50 56 5 0
50 57 2 3
50 58 3 2
50 59 3 2
50 60 3 2
50 61 4 1
50 62 3 2
50 63 4 1
50 64 2 3
50 65 5 0
50 66 4 1
50 67 5 0
50 68 5 0
50 69 4 1
50 70 4 1
50 71 5 0
50 72 4 1
50 73 5 0
50 74 5 0
50 75 5 0
50 76 5 0
50 77 5 0
50 78 5 0
50 79 5 0
50 80 5 0
50 81 5 0
50 82 5 0
50 83 5 0
50 84 5 0
50 85 5 0
50 86 5 0
50 87 5 0
50 88 5 0
50 89 5 0
50 90 5 0
50 91 5 0
50 92 5 0
50 93 5 0
50 94 5 0
50 95 5 0
50 96 5 0
50 97 5 0
50 98 5 0
50 99 5 0
51 52 4 1
51 53 4 1
51 54 4 1
51 55 3 2
51 56 4 1
51 57 3 2
51 58 4 1
51 59 4 1
51 60 4 1
51 61 4 1
51 62 5 0
51 63 5 0
51 64 4 1
51 65 5 0
51 66 5 0
51 67 5 0
51 68 5 0
51 69 4 1
51 70 4 1
51 71 5 0
51 72 4 1
51 73 5 0
51 74 5 0
51 75 5 0
51 76 5 0
51 77 5 0
51 78 5 0
51 79 5 0
51 80 5 0
51 81 5 0
51 82 5 0
51 83 5 0
51 84 5 0
51 85 5 0
51 86 5 0
51 87 5 0
51 88 5 0
51 89 5 0
51 90 5 0
51 91 5 0
51 92 5 0
51 93 5 0
51 94 5 0
51 95 5 0
51 96 5 0
51 97 5 0
51 98 5 0
51 99 5 0
52 53 3 2
52 54 2 3
52 55 4 1
52 56 4 1
52 57 3 2
52 58 3 2
52 59 5 0
52 60 3 2
52 61 5 0
52 62 4 1
52 63 5 0
52 64 5 0
52 65 5 0
52 66 4 1
52 67 5 0
52 68 5 0
52 69 5 0
52 70 5 0
52 71 5 0
52 72 5 0
52 73 5 0
52 74 5 0
52 75 5 0
52 76 5 0
52 77 5 0
52 78 5 0
52 79 5 0
52 80 5 0
52 81 5 0
52 82 5 0
52 83 5 0
52 84 5 0
52 85 5 0
52 86 5 0
52 87 5 0
52 88 5 0
52 89 5 0
52 90 5 0
52 91 5 0
52 92 5 0
52 93 5 0
52 94 5 0
52 95 5 0
52 96 5 0
52 97 5 0
52 98 5 0
52 99 5 0
53 54 3 2
53 55 3 2
53 56 4 1
53 57 2 3
53 58 3 2
53 59 4 1
53 60 3 2
53 61 4 1
53 62 4 1
53 63 5 0
53 64 4 1
53 65 5 0
53 66 4 1
53 67 5 0
53 68 5 0
53 69 4 1
53 70 4 1
53 71 5 0
53 72 4 1
53 73 5 0
53 74 5 0
53 75 5 0
53 76 5 0
53 77 5 0
53 78 5 0
53 79 5 0
53 80 5 0
53 81 5 0
53 82 5 0
53 83 5 0
53 84 5 0
53 85 5 0
53 86 5 0
53 87 5 0
53 88 5 0
53 89 5 0
53 90 5 0
53 91 5 0
53 92 5 0
53 93 5 0
53 94 5 0
53 95 5 0
53 96 5 0
53 97 5 0
53 98 5 0
53 99 5 0
54 55 4 1
54 56 4 1
54 57 2 3
54 58 3 2
54 59 5 0
54 60 3 2
54 61 4 1
54 62 4 1
54 63 5 0
54 64 4 1
54 65 4 1
54 66 4 1
54 67 5 0
54 68 5 0
54 69 5 0
54 70 5 0
54 71 5 0
54 72 5 0
54 73 5 0
54 74 5 0
54 75 5 0
54 76 5 0
54 77 5 0
54 78 5 0
54 79 5 0
54 80 5 0
54 81 5 0
54 82 5 0
54 83 5 0
54 84 5 0
54 85 5 0
54 86 5 0
54 87 5 0
54 88 5 0
54 89 5 0
54 90 5 0
54 91 5 0
54 92 5 0
54 93 5 0
54 94 5 0
54 95 5 0
54 96 5 0
54 97 5 0
54 98 5 0
54 99 5 0
55 56 2 3
55 57 1 4
55 58 2 3
55 59 3 2
55 60 3 2
55 61 2 3
55 62 3 2
55 63 4 1
55 64 1 4
55 65 4 1
55 66 4 1
55 67 5 0
55 68 5 0
55 69 4 1
55 70 3 2
55 71 3 2
55 72 5 0
55 73 4 1
55 74 5 0
55 75 5 0
55 76 5 0
55 77 5 0
55 78 5 0
55 79 5 0
55 80 5 0
55 81 5 0
55 82 5 0
55 83 5 0
55 84 5 0
55 85 5 0
55 86 5 0
55 87 5 0
55 88 5 0
55 89 5 0
55 90 5 0
55 91 5 0
55 92 5 0
55 93 5 0
55 94 5 0
55 95 5 0
55 96 5 0
55 97 5 0
55 98 5 0
55 99 5 0
56 57 1 4
56 58 2 3
56 59 2 3
56 60 2 3
56 61 2 3
56 62 2 3
56 63 4 1
56 64 1 4
56 65 4 1
56 66 4 1
56 67 5 0
56 68 4 1
56 69 3 2
56 70 2 3
56 71 4 1
56 72 4 1
56 73 4 1
56 74 5 0
56 75 5 0
56 76 5 0
56 77 4 1
56 78 5 0
56 79 5 0
56 80 5 0
56 81 5 0
56 82 5 0
56 83 5 0
56 84 5 0
56 85 5 0
56 86 5 0
56 87 5 0
56 88 5 0
56 89 5 0
56 90 5 0
56 91 5 0
56 92 5 0
56 93 5 0
56 94 5 0
56 95 5 0
56 96 5 0
56 97 5 0
56 98 5 0
56 99 5 0
57 58 4 1
57 59 5 0
57 60 4 1
57 61 5 0
57 62 4 1
57 63 5 0
57 64 3 2
57 65 5 0
57 66 5 0
57 67 5 0
57 68 5 0
57 69 5 0
57 70 5 0
57 71 5 0
57 72 5 0
57 73 5 0
57 74 5 0
57 75 5 0
57 76 5 0
57 77 5 0
57 78 5 0
57 79 5 0
57 80 5 0
57 81 5 0
57 82 5 0
57 83 5 0
57 84 5 0
57 85 5 0
57 86 5 0
57 87 5 0
57 88 5 0
57 89 5 0
57 90 5 0
57 91 5 0
57 92 5 0
57 93 5 0
57 94 5 0
57 95 5 0
57 96 5 0
57 97 5 0
57 98 5 0
57 99 5 0
58 59 4 1
58 60 2 3
58 61 4 1
58 62 4 1
58 63 5 0
58 64 3 2
58 65 4 1
58 66 5 0
58 67 5 0
58 68 5 0
58 69 4 1
58 70 4 1
58 71 4 1
58 72 5 0
58 73 5 0
58 74 5 0
58 75 5 0
58 76 5 0
58 77 5 0
58 78 5 0
58 79 5 0
58 80 5 0
58 81 5 0
58 82 5 0
58 83 5 0
58 84 5 0
58 85 5 0
58 86 5 0
58 87 5 0
58 88 5 0
58 89 5 0
58 90 5 0
58 91 5 0
58 92 5 0
58 93 5 0
58 94 5 0
58 95 5 0
58 96 5 0
58 97 5 0
58 98 5 0
58 99 5 0
59 60 3 2
59 61 4 1
59 62 3 2
59 63 4 1
59 64 2 3
59 65 4 1
59 66 4 1
59 67 4 1
59 68 5 0
59 69 5 0
59 70 4 1
59 71 4 1
59 72 5 0
59 73 5 0
59 74 4 1
59 75 4 1
59 76 4 1
59 77 5 0
59 78 5 0
59 79 5 0
59 80 5 0
59 81 5 0
59 82 5 0
59 83 5 0
59 84 5 0
59 85 5 0
59 86 5 0
59 87 5 0
59 88 5 0
59 89 5 0
59 90 5 0
59 91 5 0
59 92 5 0
59 93 5 0
59 94 5 0
59 95 5 0
59 96 5 0
59 97 5 0
59 98 5 0
59 99 5 0
60 61 3 2
60 62 4 1
60 63 5 0
60 64 2 3
60 65 4 1
60 66 5 0
60 67 4 1
60 68 5 0
60 69 4 1
60 70 3 2
60 71 4 1
60 72 4 1
60 73 5 0
60 74 4 1
60 75 4 1
60 76 4 1
60 77 5 0
60 78 5 0
60 79 5 0
60 80 5 0
60 81 5 0
60 82 5 0
60 83 5 0
60 84 5 0
60 85 5 0
60 86 5 0
60 87 5 0
60 88 5 0
60 89 5 0
60 90 5 0
60 91 5 0
60 92 5 0
60 93 5 0
60 94 5 0
60 95 5 0
60 96 5 0
60 97 5 0
60 98 5 0
60 99 5 0
61 62 3 2
61 63 4 1
61 64 0 5
61 65 4 1
61 66 4 1
61 67 4 1
61 68 4 1
61 69 4 1
61 70 3 2
61 71 3 2
61 72 4 1
61 73 5 0
61 74 4 1
61 75 5 0
61 76 5 0
61 77 4 1
61 78 5 0
61 79 5 0
61 80 5 0
61 81 5 0
61 82 5 0
61 83 5 0
61 84 5 0
61 85 5 0
61 86 5 0
61 87 5 0
61 88 5 0
61 89 5 0
61 90 5 0
61 91 5 0
61 92 5 0
61 93 5 0
61 94 5 0
61 95 5 0
61 96 5 0
61 97 5 0
61 98 5 0
61 99 5 0
62 63 4 1
62 64 2 3
62 65 3 2
62 66 5 0
62 67 3 2
62 68 3 2
62 69 3 2
62 70 2 3
62 71 3 2
62 72 3 2
62 73 4 1
62 74 3 2
62 75 4 1
62 76 4 1
62 77 4 1
62 78 5 0
62 79 5 0
62 80 4 1
62 81 5 0
62 82 5 0
62 83 5 0
62 84 5 0
62 85 5 0
62 86 5 0
62 87 5 0
62 88 5 0
62 89 5 0
62 90 5 0
62 91 5 0
62 92 5 0
62 93 5 0
62 94 5 0
62 95 5 0
62 96 5 0
62 97 5 0
62 98 5 0
62 99 5 0
63 64 1 4
63 65 3 2
63 66 4 1
63 67 3 2
63 68 3 2
63 69 1 4
63 70 2 3
63 71 3 2
63 72 3 2
63 73 3 2
63 74 3 2
63 75 4 1
63 76 3 2
63 77 3 2
63 78 4 1
63 79 5 0
63 80 5 0
63 81 4 1
63 82 5 0
63 83 5 0
63 84 4 1
63 85 5 0
63 86 5 0
63 87 5 0
63 88 5 0
63 89 5 0
63 90 5 0
63 91 5 0
63 92 5 0
63 93 5 0
63 94 5 0
63 95 5 0
63 96 5 0
63 97 5 0
63 98 5 0
63 99 5 0
64 65 5 0
64 66 4 1
64 67 4 1
64 68 5 0
64 69 5 0
64 70 4 1
64 71 4 1
64 72 5 0
64 73 5 0
64 74 4 1
64 75 5 0
64 76 5 0
64 77 5 0
64 78 5 0
64 79 5 0
64 80 5 0
64 81 5 0
64 82 5 0
64 83 5 0
64 84 5 0
64 85 5 0
64 86 5 0
64 87 5 0
64 88 5 0
64 89 5 0
64 90 5 0
64 91 5 0
64 92 5 0
64 93 5 0
64 94 5 0
64 95 5 0
64 96 5 0
64 97 5 0
64 98 5 0
64 99 5 0
65 66 3 2
65 67 4 1
65 68 2 3
65 69 2 3
65 70 2 3
65 71 3 2
65 72 3 2
65 73 2 3
65 74 4 1
65 75 4 1
65 76 4 1
65 77 3 2
65 78 5 0
65 79 5 0
65 80 5 0
65 81 4 1
65 82 4 1
65 83 5 0
65 84 5 0
65 85 5 0
65 86 5 0
65 87 5 0
65 88 5 0
65 89 5 0
65 90 5 0
65 91 5 0
65 92 5 0
65 93 5 0
65 94 5 0
65 95 5 0
65 96 5 0
65 97 5 0
65 98 5 0
65 99 5 0
66 67 3 2
66 68 3 2
66 69 1 4
66 70 2 3
66 71 3 2
66 72 3 2
66 73 3 2
66 74 3 2
66 75 3 2
66 76 3 2
66 77 3 2
66 78 4 1
66 79 5 0
66 80 4 1
66 81 4 1
66 82 5 0
66 83 5 0
66 84 4 1
66 85 5 0
66 86 4 1
66 87 4 1
66 88 5 0
66 89 5 0
66 90 5 0
66 91 5 0
66 92 5 0
66 93 5 0
66 94 5 0
66 95 5 0
66 96 5 0
66 97 5 0
66 98 5 0
66 99 5 0
67 68 3 2
67 69 2 3
67 70 1 4
67 71 2 3
67 72 3 2
67 73 2 3
67 74 3 2
67 75 3 2
67 76 3 2
67 77 3 2
67 78 5 0
67 79 5 0
67 80 5 0
67 81 4 1
67 82 4 1
67 83 5 0
67 84 5 0
67 85 5 0
67 86 5 0
67 87 5 0
67 88 5 0
67 89 5 0
67 90 5 0
67 91 5 0
67 92 5 0
67 93 5 0
67 94 5 0
67 95 5 0
67 96 5 0
67 97 5 0
67 98 5 0
67 99 5 0
68 69 1 4
68 70 1 4
68 71 1 4
68 72 3 2
68 73 1 4
68 74 3 2
68 75 4 1
68 76 4 1
68 77 2 3
68 78 5 0
68 79 4 1
68 80 4 1
68 81 5 0
68 82 5 0
68 83 5 0
68 84 5 0
68 85 4 1
68 86 5 0
68 87 5 0
68 88 4 1
68 89 5 0
68 90 5 0
68 91 5 0
68 92 5 0
68 93 5 0
68 94 5 0
68 95 5 0
68 96 5 0
68 97 5 0
68 98 5 0
68 99 5 0
69 70 2 3
69 71 2 3
69 72 4 1
69 73 5 0
69 74 3 2
69 75 4 1
69 76 4 1
69 77 4 1
69 78 5 0
69 79 5 0
69 80 5 0
69 81 5 0
69 82 5 0
69 83 5 0
69 84 5 0
69 85 5 0
69 86 5 0
69 87 5 0
69 88 5 0
69 89 5 0
69 90 5 0
69 91 5 0
69 92 5 0
69 93 5 0
69 94 5 0
69 95 5 0
69 96 5 0
69 97 5 0
69 98 5 0
69 99 5 0
70 71 4 1
70 72 4 1
70 73 4 1
70 74 5 0
70 75 5 0
70 76 5 0
70 77 4 1
70 78 5 0
70 79 5 0
70 80 5 0
70 81 5 0
70 82 5 0
70 83 5 0
70 84 5 0
70 85 5 0
70 86 5 0
70 87 5 0
70 88 5 0
70 89 5 0
70 90 5 0
70 91 5 0
70 92 5 0
70 93 5 0
70 94 5 0
70 95 5 0
70 96 5 0
70 97 5 0
70 98 5 0
70 99 5 0
71 72 3 2
71 73 3 2
71 74 5 0
71 75 4 1
71 76 4 1
71 77 3 2
71 78 4 1
71 79 5 0
71 80 5 0
71 81 4 1
71 82 5 0
71 83 5 0
71 84 5 0
71 85 5 0
71 86 5 0
71 87 5 0
71 88 5 0
71 89 5 0
71 90 5 0
71 91 5 0
71 92 5 0
71 93 5 0
71 94 5 0
71 95 5 0
71 96 5 0
71 97 5 0
71 98 5 0
71 99 5 0
72 73 2 3
72 74 3 2
72 75 4 1
72 76 3 2
72 77 3 2
72 78 5 0
72 79 4 1
72 80 4 1
72 81 5 0
72 82 4 1
72 83 5 0
72 84 5 0
72 85 4 1
72 86 5 0
72 87 5 0
72 88 4 1
72 89 5 0
72 90 4 1
72 91 5 0
72 92 5 0
72 93 5 0
72 94 5 0
72 95 5 0
72 96 5 0
72 97 5 0
72 98 5 0
72 99 5 0
73 74 3 2
73 75 4 1
73 76 4 1
73 77 3 2
73 78 4 1
73 79 4 1
73 80 3 2
73 81 4 1
73 82 5 0
73 83 5 0
73 84 4 1
73 85 4 1
73 86 4 1
73 87 4 1
73 88 4 1
73 89 4 1
73 90 4 1
73 91 5 0
73 92 5 0
73 93 5 0
73 94 5 0
73 95 5 0
73 96 5 0
73 97 5 0
73 98 5 0
73 99 5 0
74 75 2 3
74 76 1 4
74 77 3 2
74 78 3 2
74 79 4 1
74 80 5 0
74 81 4 1
74 82 4 1
74 83 5 0
74 84 5 0
74 85 5 0
74 86 5 0
74 87 5 0
74 88 3 2
74 89 5 0
74 90 4 1
74 91 5 0
74 92 5 0
74 93 5 0
74 94 4 1
74 95 5 0
74 96 5 0
74 97 5 0
74 98 5 0
74 99 5 0
75 76 2 3
75 77 1 4
75 78 4 1
75 79 3 2
75 80 3 2
75 81 4 1
75 82 3 2
75 83 5 0
75 84 3 2
75 85 5 0
75 86 4 1
75 87 3 2
75 88 4 1
75 89 4 1
75 90 3 2
75 91 4 1
75 92 5 0
75 93 5 0
75 94 5 0
75 95 5 0
75 96 5 0
75 97 4 1
75 98 5 0
75 99 5 0
76 77 2 3
76 78 4 1
76 79 4 1
76 80 4 1
76 81 4 1
76 82 3 2
76 83 5 0
76 84 4 1
76 85 5 0
76 86 4 1
76 87 4 1
76 88 4 1
76 89 4 1
76 90 4 1
76 91 5 0
76 92 4 1
76 93 5 0
76 94 5 0
76 95 5 0
76 96 5 0
76 97 4 1
76 98 5 0
76 99 5 0
77 78 5 0
77 79 4 1
77 80 3 2
77 81 5 0
77 82 4 1
77 83 5 0
77 84 4 1
77 85 4 1
77 86 5 0
77 87 4 1
77 88 4 1
77 89 5 0
77 90 4 1
77 91 4 1
77 92 5 0
77 93 5 0
77 94 5 0
77 95 5 0
77 96 5 0
77 97 5 0
77 98 5 0
77 99 5 0
78 79 3 2
78 80 3 2
78 81 4 1
78 82 3 2
78 83 5 0
78 84 3 2
78 85 3 2
78 86 5 0
78 87 4 1
78 88 3 2
78 89 4 1
78 90 4 1
78 91 4 1
78 92 5 0
78 93 5 0
78 94 3 2
78 95 5 0
78 96 5 0
78 97 5 0
78 98 5 0
78 99 4 1
79 80 1 4
79 81 3 2
79 82 3 2
79 83 4 1
79 84 3 2
79 85 4 1
79 86 4 1
79 87 3 2
79 88 3 2
79 89 4 1
79 90 3 2
79 91 4 1
79 92 5 0
79 93 5 0
79 94 5 0
79 95 4 1
79 96 5 0
79 97 5 0
79 98 5 0
79 99 5 0
80 81 2 3
80 82 4 1
80 83 4 1
80 84 3 2
80 85 5 0
80 86 4 1
80 87 3 2
80 88 3 2
80 89 5 0
80 90 4 1
80 91 5 0
80 92 5 0
80 93 5 0
80 94 4 1
80 95 4 1
80 96 5 0
80 97 5 0
80 98 5 0
80 99 4 1
81 82 3 2
81 83 4 1
81 84 3 2
81 85 3 2
81 86 5 0
81 87 4 1
81 88 2 3
81 89 4 1
81 90 4 1
81 91 4 1
81 92 5 0
81 93 4 1
81 94 2 3
81 95 5 0
81 96 4 1
81 97 5 0
81 98 5 0
81 99 3 2
82 83 3 2
82 84 3 2
82 85 2 3
82 86 4 1
82 87 3 2
82 88 2 3
82 89 3 2
82 90 3 2
82 91 5 0
82 92 5 0
82 93 4 1
82 94 2 3
82 95 4 1
82 96 5 0
82 97 5 0
82 98 5 0
82 99 4 1
83 84 2 3
83 85 2 3
83 86 3 2
83 87 1 4
83 88 0 5
83 89 2 3
83 90 2 3
83 91 3 2
83 92 4 1
83 93 2 3
83 94 1 4
83 95 5 0
83 96 4 1
83 97 4 1
83 98 5 0
83 99 2 3
84 85 3 2
84 86 3 2
84 87 2 3
84 88 2 3
84 89 4 1
84 90 3 2
84 91 5 0
84 92 4 1
84 93 3 2
84 94 2 3
84 95 4 1
84 96 4 1
84 97 4 1
84 98 4 1
84 99 3 2
85 86 4 1
85 87 2 3
85 88 2 3
85 89 4 1
85 90 3 2
85 91 3 2
85 92 4 1
85 93 4 1
85 94 1 4
85 95 4 1
85 96 5 0
85 97 4 1
85 98 5 0
85 99 3 2
86 87 2 3
86 88 1 4
86 89 2 3
86 90 3 2
86 91 4 1
86 92 4 1
86 93 3 2
86 94 1 4
86 95 4 1
86 96 4 1
86 97 4 1
86 98 5 0
86 99 3 2
87 88 2 3
87 89 5 0
87 90 4 1
87 91 4 1
87 92 5 0
87 93 4 1
87 94 2 3
87 95 4 1
87 96 5 0
87 97 5 0
87 98 5 0
87 99 4 1
88 89 3 2
88 90 3 2
88 91 4 1
88 92 5 0
88 93 5 0
88 94 3 2
88 95 5 0
88 96 5 0
88 97 4 1
88 98 5 0
88 99 4 1
89 90 1 4
89 91 3 2
89 92 5 0
89 93 2 3
89 94 1 4
89 95 4 1
89 96 5 0
89 97 4 1
89 98 4 1
89 99 2 3
90 91 4 1
90 92 4 1
90 93 3 2
90 94 2 3
90 95 4 1
90 96 4 1
90 97 4 1
90 98 4 1
90 99 3 2
91 92 3 2
91 93 2 3
91 94 2 3
91 95 4 1
91 96 3 2
91 97 2 3
91 98 4 1
91 99 2 3
92 93 2 3
92 94 1 4
92 95 4 1
92 96 2 3
92 97 2 3
92 98 3 2
92 99 1 4
93 94 1 4
93 95 3 2
93 96 4 1
93 97 3 2
93 98 4 1
93 99 3 2
94 95 4 1
94 96 5 0
94 97 4 1
94 98 5 0
94 99 4 1
95 96 2 3
95 97 1 4
95 98 3 2
95 99 2 3
96 97 3 2
96 98 3 2
96 99 1 4
97 98 3 2
97 99 1 4
98 99 1 4
[{98}, {95}, {92}, {96, 97, 91}, {99, 83, 86, 89, 90, 93}, {82, 84, 85, 87}, {79, 80, 81, 88, 94}, {78}, {65, 66, 67, 68, 69, 71, 72, 73, 74, 75, 76, 77, 63}, {41, 42, 43, 45, 46, 47, 48, 49, 50, 51, 52, 53, 54, 55, 56, 57, 58, 59, 60, 61, 62, 64, 70}, {38}, {40}, {39}, {44}, {32, 33, 34, 35, 36, 37, 18, 20, 23, 27, 28, 29, 30, 31}, {1, 3, 7, 9, 10, 11, 12, 13, 14, 15, 16, 17, 19, 21, 22, 24, 25, 26}, {4}, {8}, {0, 5, 6}, {2}]
23 1.0
